15
0 831 529 856 244 278 180 742 669 619 369 427 772 788 624
831 0 536 25 730 558 651 740 561 554 1106 1065 442 171 779
529 536 0 559 307 402 391 947 788 748 895 926 780 611 898
856 25 559 0 755 583 676 751 573 567 1129 1086 448 177 794
244 730 307 755 0 288 194 868 750 701 612 669 807 738 777
278 558 402 583 288 0 113 586 461 412 565 557 526 510 511
180 651 391 676 194 113 0 674 564 514 515 535 638 618 583
742 740 947 751 868 586 674 0 181 205 734 612 317 575 144
669 561 788 573 750 461 564 181 0 50 752 654 167 400 236
619 554 748 567 701 412 514 205 50 0 711 618 196 400 227
369 1106 895 1129 612 565 515 734 752 711 0 141 904 1017 589
427 1065 926 1086 669 557 535 612 654 618 141 0 814 958 468
772 442 780 448 807 526 638 317 167 196 904 814 0 271 402
788 171 611 177 738 510 618 575 400 400 1017 958 271 0 627
624 779 898 794 777 511 583 144 236 227 589 468 402 627 0
