15
0 548 281 568 820 313 108 510 644 761 530 166 439 271 486
548 0 323 630 510 462 495 48 801 259 869 638 746 486 438
281 323 0 404 545 159 288 277 545 493 557 323 435 168 251
568 630 404 0 445 268 636 586 178 645 366 470 280 300 192
820 510 545 445 0 536 833 492 600 341 809 802 710 585 359
313 462 159 268 536 0 369 414 390 581 407 266 283 48 180
108 495 288 636 833 369 0 463 730 729 634 273 538 336 525
510 48 277 586 492 414 463 0 756 273 821 594 698 438 394
644 801 545 178 600 390 730 756 0 823 263 510 240 404 366
761 259 493 645 341 581 729 273 823 0 961 814 842 620 471
530 869 557 366 809 407 634 821 263 961 0 365 123 389 492
166 638 323 470 802 266 273 594 510 814 365 0 285 217 445
439 746 435 280 710 283 538 698 240 842 123 285 0 267 378
271 486 168 300 585 48 336 438 404 620 389 217 267 0 229
486 438 251 192 359 180 525 394 366 471 492 445 378 229 0
