15
0 757 754 474 830 593 433 194 608 539 109 424 387 212 433
757 0 153 944 379 503 978 566 370 572 669 375 731 933 942
754 153 0 860 226 620 905 575 491 460 653 435 649 948 865
474 944 860 0 805 1000 87 560 967 420 437 758 213 612 49
830 379 226 805 0 826 868 682 704 385 722 607 614 1040 823
593 503 620 1000 826 0 989 442 132 804 574 268 824 663 973
433 978 905 87 868 989 0 546 968 483 416 759 257 548 47
194 566 575 560 682 442 546 0 431 464 134 234 401 373 531
608 370 491 967 704 132 968 431 0 722 565 209 776 716 946
539 572 460 420 385 804 483 464 722 0 435 536 233 750 437
109 669 653 437 722 574 416 134 565 435 0 365 308 321 404
424 375 435 758 607 268 759 234 209 536 365 0 567 570 737
387 731 649 213 614 824 257 401 776 233 308 567 0 578 216
212 933 948 612 1040 663 548 373 716 750 321 570 578 0 564
433 942 865 49 823 973 47 531 946 437 404 737 216 564 0
