15
0 577 518 432 254 537 145 417 611 255 58 260 478 198 362
577 0 61 607 528 861 490 894 281 833 618 535 738 772 930
518 61 0 577 468 825 429 845 296 773 560 490 704 714 873
432 607 577 0 644 261 519 390 433 570 406 174 133 490 568
254 528 468 644 0 787 125 667 675 423 309 472 715 405 561
537 861 825 261 787 0 665 244 693 556 488 351 128 491 488
145 490 429 519 125 665 0 562 589 367 203 347 590 329 492
417 894 845 390 667 244 562 0 797 341 360 363 303 294 248
611 281 296 433 675 693 589 797 0 849 629 446 564 774 907
255 833 773 570 423 556 367 341 849 0 221 433 556 80 144
58 618 560 406 309 488 203 360 629 221 0 241 438 154 313
260 535 490 174 472 351 347 363 446 433 241 0 251 353 466
478 738 704 133 715 128 590 303 564 556 438 251 0 481 520
198 772 714 490 405 491 329 294 774 80 154 353 481 0 164
362 930 873 568 561 488 492 248 907 144 313 466 520 164 0
