15
0 713 580 210 507 872 432 537 425 431 77 113 574 1029 664
713 0 137 505 211 500 281 177 756 342 698 654 202 414 449
580 137 0 376 103 488 150 64 629 210 562 517 102 491 442
210 505 376 0 297 733 226 328 466 266 217 188 386 845 491
507 211 103 297 0 580 86 39 624 215 500 460 181 594 366
872 500 488 733 580 0 572 547 637 468 815 766 400 321 927
432 281 150 226 86 572 0 106 542 148 419 377 180 631 420
537 177 64 328 39 547 106 0 629 212 525 483 150 555 390
425 756 629 466 624 637 542 629 0 420 348 325 555 902 936
431 342 210 266 215 468 148 212 420 0 393 344 154 598 569
77 698 562 217 500 815 419 525 348 393 0 50 542 990 698
113 654 517 188 460 766 377 483 325 344 50 0 494 940 678
574 202 102 386 181 400 180 150 555 154 542 494 0 459 540
1029 414 491 845 594 321 631 555 902 598 990 940 459 0 856
664 449 442 491 366 927 420 390 936 569 698 678 540 856 0
