15
0 398 615 166 419 733 490 251 491 208 613 410 513 337 199
398 0 466 507 682 831 116 575 554 233 567 573 115 561 592
615 466 0 588 572 476 395 864 285 428 158 407 464 473 720
166 507 588 0 256 600 576 353 394 278 544 283 614 196 132
419 682 572 256 0 388 717 596 296 454 464 165 772 123 329
733 831 476 600 388 0 809 954 277 662 317 323 878 404 705
490 116 395 576 717 809 0 685 542 299 519 587 70 593 676
251 575 864 353 596 954 685 0 733 444 863 634 688 550 271
491 554 285 394 296 277 542 733 0 388 169 136 609 221 521
208 233 428 278 454 662 299 444 388 0 464 366 337 336 379
613 567 158 544 464 317 519 863 169 464 0 305 590 388 676
410 573 407 283 165 323 587 634 136 366 305 0 648 91 401
513 115 464 614 772 878 70 688 609 337 590 648 0 649 705
337 561 473 196 123 404 593 550 221 336 388 91 649 0 310
199 592 720 132 329 705 676 271 521 379 676 401 705 310 0
