15
0 507 265 937 630 592 379 441 263 342 184 737 788 823 458
507 0 308 537 312 176 134 346 327 601 509 229 291 372 605
265 308 0 671 547 340 224 441 285 299 373 525 553 567 339
937 537 671 0 789 372 648 882 845 826 1007 435 332 185 735
630 312 547 789 0 476 324 223 369 844 534 363 469 605 881
592 176 340 372 476 0 276 521 473 582 639 235 224 231 547
379 134 224 648 324 276 0 266 198 524 376 361 425 495 556
441 346 441 882 223 521 266 0 183 711 317 507 601 711 777
263 327 285 845 369 473 198 183 0 532 187 543 617 694 609
342 601 299 826 844 582 524 711 532 0 523 800 807 777 136
184 509 373 1007 534 639 376 317 187 523 0 729 801 867 632
737 229 525 435 363 235 361 507 543 800 729 0 105 250 778
788 291 553 332 469 224 425 601 617 807 801 105 0 150 767
823 372 567 185 605 231 495 711 694 777 867 250 150 0 714
458 605 339 735 881 547 556 777 609 136 632 778 767 714 0
