15
0 685 186 266 472 778 347 446 846 301 167 631 625 594 690
685 0 726 538 610 509 641 385 256 489 851 308 540 573 198
186 726 0 429 647 921 529 578 835 452 221 747 516 759 779
266 538 429 0 222 515 138 201 757 51 409 391 701 330 479
472 610 647 222 0 373 135 228 859 220 588 354 896 141 478
778 509 921 515 373 0 498 343 754 477 924 220 985 237 311
347 641 529 138 135 498 0 263 874 167 454 434 839 274 545
446 385 578 201 228 343 263 0 631 151 602 191 703 238 285
846 256 835 757 859 754 874 631 0 712 1002 563 472 829 444
301 489 452 51 220 477 167 151 712 0 452 342 682 309 427
167 851 221 409 588 924 454 602 1002 452 0 791 732 721 856
631 308 747 391 354 220 434 191 563 342 791 0 765 278 130
625 540 516 701 896 985 839 703 472 682 732 765 0 941 708
594 573 759 330 141 237 274 238 829 309 721 278 941 0 408
690 198 779 479 478 311 545 285 444 427 856 130 708 408 0
