15
0 289 509 562 717 725 143 197 61 526 345 544 399 335 270
289 0 240 648 486 578 146 128 344 471 594 637 552 55 49
509 240 0 682 259 419 375 313 554 423 758 677 651 185 284
562 648 682 0 692 509 595 535 529 289 401 20 189 644 676
717 486 259 692 0 247 601 522 749 403 893 696 732 432 534
725 578 419 509 247 0 647 557 738 247 800 518 603 534 627
143 146 375 595 601 647 0 89 199 486 465 581 465 195 129
197 128 313 535 522 557 89 0 240 400 469 522 426 155 143
61 344 554 529 749 738 199 240 0 526 284 511 357 387 328
526 471 423 289 403 247 486 400 526 0 553 293 355 446 513
345 594 758 401 893 800 465 469 284 553 0 381 219 624 592
544 637 677 20 696 518 581 522 511 293 381 0 169 635 663
399 552 651 189 732 603 465 426 357 355 219 169 0 564 568
335 55 185 644 432 534 195 155 387 446 624 635 564 0 101
270 49 284 676 534 627 129 143 328 513 592 663 568 101 0
