15
0 762 269 345 291 106 572 628 303 758 267 418 358 102 838
762 0 980 533 471 758 1013 693 889 806 929 1102 600 864 717
269 980 0 475 523 225 407 637 170 734 80 150 625 216 861
345 533 475 0 209 282 498 329 359 473 411 579 490 438 512
291 471 523 209 0 297 673 535 468 679 485 658 286 393 699
106 758 225 282 297 0 469 533 207 659 193 363 439 165 749
572 1013 407 498 673 469 0 403 273 425 344 355 896 581 591
628 693 637 329 535 533 403 0 470 144 557 672 819 697 223
303 889 170 359 468 207 273 470 0 564 89 224 646 308 693
758 806 734 473 679 659 425 144 564 0 654 745 963 820 173
267 929 80 411 485 193 344 557 89 654 0 174 623 245 780
418 1102 150 579 658 363 355 672 224 745 174 0 775 364 891
358 600 625 490 286 439 896 819 646 963 623 775 0 421 985
102 864 216 438 393 165 581 697 308 820 245 364 421 0 914
838 717 861 512 699 749 591 223 693 173 780 891 985 914 0
