15
0 228 111 743 655 180 249 544 145 719 773 211 94 678 339
228 0 275 589 581 264 176 632 237 658 674 151 278 551 544
111 275 0 699 577 90 216 433 256 634 701 308 196 622 269
743 589 699 0 265 613 493 677 817 318 211 738 828 109 896
655 581 577 265 0 487 425 427 767 82 132 727 749 159 711
180 264 90 613 487 0 150 383 318 545 611 339 273 534 315
249 176 216 493 425 150 0 466 343 497 533 307 338 430 465
544 632 433 677 427 383 466 0 689 425 549 723 625 568 385
145 237 256 817 767 318 343 689 0 837 877 126 89 767 458
719 658 634 318 82 545 497 425 837 0 131 802 813 221 743
773 674 701 211 132 611 533 549 877 131 0 824 866 145 843
211 151 308 738 727 339 307 723 126 802 824 0 204 702 550
94 278 196 828 749 273 338 625 89 813 866 204 0 768 370
678 551 622 109 159 534 430 568 767 221 145 702 768 0 802
339 544 269 896 711 315 465 385 458 743 843 550 370 802 0
