15
0 715 369 541 123 482 166 265 599 353 52 293 194 95 581
715 0 404 870 692 1107 601 872 1158 362 767 619 906 715 1006
369 404 0 497 306 703 335 600 755 127 421 442 539 410 619
541 870 497 0 421 418 657 791 364 610 556 802 546 636 149
123 692 306 421 0 433 247 387 526 334 154 389 236 215 474
482 1107 703 418 433 0 648 618 155 762 455 771 337 558 317
166 601 335 657 247 648 0 278 761 264 203 144 349 118 721
265 872 600 791 387 618 278 0 763 542 236 274 284 191 805
599 1158 755 364 526 155 761 763 0 833 580 892 479 683 226
353 362 127 610 334 762 264 542 833 0 406 341 543 365 720
52 767 421 556 154 455 203 236 580 406 0 316 147 103 583
293 619 442 802 389 771 144 274 892 341 316 0 450 213 864
194 906 539 546 236 337 349 284 479 543 147 450 0 239 534
95 715 410 636 215 558 118 191 683 365 103 213 239 0 676
581 1006 619 149 474 317 721 805 226 720 583 864 534 676 0
