15
0 488 449 793 297 421 239 528 701 707 688 742 678 697 476
488 0 457 793 195 198 681 390 544 714 739 767 588 468 409
449 457 0 1137 353 571 684 767 947 1050 1052 1095 964 895 751
793 793 1137 0 790 602 721 403 292 87 114 56 215 396 393
297 195 353 790 0 222 508 414 595 703 712 752 611 548 400
421 198 571 602 222 0 558 204 377 520 543 573 405 326 212
239 681 684 721 508 558 0 584 723 646 607 665 672 753 517
528 390 767 403 414 204 584 0 183 325 358 379 201 172 69
701 544 947 292 595 377 723 183 0 245 302 294 89 103 225
707 714 1050 87 703 520 646 325 245 0 65 54 157 346 309
688 739 1052 114 712 543 607 358 302 65 0 57 213 401 330
742 767 1095 56 752 573 665 379 294 54 57 0 209 397 360
678 588 964 215 611 405 672 201 89 157 213 209 0 189 215
697 468 895 396 548 326 753 172 103 346 401 397 189 0 235
476 409 751 393 400 212 517 69 225 309 330 360 215 235 0
