15
0 411 260 760 486 732 975 527 86 337 937 948 232 247 850
411 0 406 617 643 389 608 726 414 468 586 542 273 290 721
260 406 0 934 738 792 1015 786 178 574 992 927 136 427 1032
760 617 934 0 473 400 541 550 829 467 473 705 807 519 103
486 643 738 473 0 711 933 93 572 180 872 1020 660 365 517
732 389 792 400 711 0 246 804 765 597 205 318 656 509 485
975 608 1015 541 933 246 0 1025 1004 835 68 230 881 755 594
527 726 786 550 93 804 1025 0 613 258 963 1113 720 442 585
86 414 178 829 572 765 1004 613 0 421 970 957 184 310 922
337 468 574 467 180 597 835 258 421 0 780 889 485 185 542
937 586 992 473 872 205 68 963 970 780 0 279 857 710 527
948 542 927 705 1020 318 230 1113 957 889 279 0 804 765 777
232 273 136 807 660 656 881 720 184 485 857 804 0 318 908
247 290 427 519 365 509 755 442 310 185 710 765 318 0 613
850 721 1032 103 517 485 594 585 922 542 527 777 908 613 0
