15
0 365 717 859 209 700 677 55 283 909 484 648 714 436 982
365 0 733 1056 419 791 824 324 329 756 747 503 724 127 1149
717 733 0 494 514 155 273 674 456 382 507 327 11 645 511
859 1056 494 0 672 342 248 845 727 868 391 799 505 1014 145
209 419 514 672 0 491 473 178 147 749 328 503 512 430 786
700 791 155 342 491 0 119 665 479 537 390 460 166 723 380
677 824 273 248 473 119 0 651 497 655 296 555 282 772 324
55 324 674 845 178 665 651 0 231 855 480 593 670 386 962
283 329 456 727 147 479 497 231 0 627 436 370 451 305 822
909 756 382 868 749 537 655 855 627 0 859 265 372 632 858
484 747 507 391 328 390 296 480 436 859 0 679 512 742 528
648 503 327 799 503 460 555 593 370 265 679 0 315 386 835
714 724 11 505 512 166 282 670 451 372 512 315 0 635 523
436 127 645 1014 430 723 772 386 305 632 742 386 635 0 1093
982 1149 511 145 786 380 324 962 822 858 528 835 523 1093 0
