15
0 626 471 398 553 505 247 415 527 302 980 682 294 418 508
626 0 1003 341 693 178 379 743 246 401 431 916 548 314 1003
471 1003 0 857 515 837 660 328 812 765 1244 464 464 873 75
398 341 857 0 741 345 222 697 422 96 769 938 496 29 882
553 693 515 741 0 517 526 196 449 688 789 223 269 740 468
505 178 837 345 517 0 269 566 85 361 478 739 376 326 832
247 379 660 222 526 269 0 475 311 161 747 717 274 229 676
415 743 328 697 196 566 475 0 521 625 927 266 206 704 293
527 246 812 422 449 85 311 521 0 427 456 672 348 406 800
302 401 765 96 688 361 161 625 427 0 817 874 431 120 794
980 431 1244 769 789 478 747 927 456 817 0 990 790 743 1220
682 916 464 938 223 739 717 266 672 874 990 0 443 940 395
294 548 464 496 269 376 274 206 348 431 790 443 0 501 456
418 314 873 29 740 326 229 704 406 120 743 940 501 0 897
508 1003 75 882 468 832 676 293 800 794 1220 395 456 897 0
