15
0 815 404 724 84 860 269 177 732 352 391 173 744 69 294
815 0 639 332 794 554 551 729 432 558 465 964 224 873 744
404 639 0 404 328 944 270 485 788 509 457 572 472 416 143
724 332 404 0 671 830 469 714 682 614 517 895 108 762 541
84 794 328 671 0 893 243 238 757 384 403 244 702 91 211
860 554 944 830 893 0 706 692 157 510 506 928 738 929 975
269 551 270 469 243 706 0 251 557 239 201 432 478 322 268
177 729 485 714 238 692 251 0 574 198 268 250 708 243 415
732 432 788 682 757 157 557 574 0 380 359 819 595 801 825
352 558 509 614 384 510 239 198 380 0 99 448 581 421 495
391 465 457 517 403 506 201 268 359 99 0 514 481 458 470
173 964 572 895 244 928 432 250 819 448 514 0 911 161 450
744 224 472 108 702 738 478 708 595 581 481 911 0 790 600
69 873 416 762 91 929 322 243 801 421 458 161 790 0 289
294 744 143 541 211 975 268 415 825 495 470 450 600 289 0
