20
0 599 602 582 766 505 524 397 110 308 460 482 452 236 194 467 541 692 642 605
599 0 110 809 216 121 179 783 708 793 476 673 152 768 420 313 629 369 319 833
602 110 0 887 309 202 276 837 706 831 394 749 160 795 411 232 715 480 208 912
582 809 887 0 831 691 634 223 618 358 973 138 741 435 661 900 196 589 1039 25
766 216 309 831 0 263 247 861 876 903 693 707 353 897 607 530 635 269 509 851
505 121 202 691 263 0 80 662 616 677 480 554 114 657 344 328 514 311 391 715
524 179 276 634 247 80 0 629 634 659 554 500 190 649 384 406 450 234 470 657
397 783 837 223 861 662 629 0 411 134 833 210 678 215 523 793 312 665 952 240
110 708 706 618 876 616 634 411 0 295 520 537 559 209 295 554 609 796 730 640
308 793 831 358 903 677 659 134 295 0 765 326 670 87 470 750 423 737 918 375
460 476 394 973 693 480 554 833 520 765 0 845 365 696 313 163 859 788 275 999
482 673 749 138 707 554 500 210 537 326 845 0 603 385 535 765 102 480 901 163
452 152 160 741 353 114 190 678 559 670 365 603 0 636 269 215 580 424 303 766
236 768 795 435 897 657 649 215 209 87 696 385 636 0 413 694 476 754 866 454
194 420 411 661 607 344 384 523 295 470 313 535 269 413 0 280 561 590 453 686
467 313 232 900 530 328 406 793 554 750 163 765 215 694 280 0 762 639 175 926
541 629 715 196 635 514 450 312 609 423 859 102 580 476 561 762 0 393 884 215
692 369 480 589 269 311 234 665 796 737 788 480 424 754 590 639 393 0 686 606
642 319 208 1039 509 391 470 952 730 918 275 901 303 866 453 175 884 686 0 1064
605 833 912 25 851 715 657 240 640 375 999 163 766 454 686 926 215 606 1064 0
