20
0 441 752 848 565 172 480 557 591 620 740 335 1094 347 507 625 559 636 814 642
441 0 783 796 197 612 38 247 194 565 885 112 944 440 159 677 774 703 1063 242
752 783 0 159 674 828 799 598 720 227 212 721 448 416 661 127 328 118 474 731
848 796 159 0 653 944 804 577 695 241 366 754 291 500 654 249 484 255 625 695
565 197 674 653 0 735 182 76 47 447 814 248 764 426 57 589 746 618 1027 83
172 612 828 944 735 0 651 723 763 735 771 507 1209 460 678 704 575 709 789 813
480 38 799 804 182 651 0 241 170 577 908 150 940 468 154 696 803 723 1091 215
557 247 598 577 76 723 241 0 121 371 743 268 699 374 88 516 683 545 960 141
591 194 720 695 47 763 170 121 0 492 862 264 795 471 91 636 793 665 1074 51
620 565 227 241 447 735 577 371 492 0 391 516 475 276 436 164 400 193 637 504
740 885 212 366 814 771 908 743 862 391 0 802 644 458 790 229 199 200 261 883
335 112 721 754 248 507 150 268 264 516 802 0 933 347 193 607 678 631 966 316
1094 944 448 291 764 1209 940 699 795 475 644 933 0 751 786 535 775 545 893 776
347 440 416 500 426 460 468 374 471 276 458 347 751 0 383 289 335 307 623 508
507 159 661 654 57 678 154 88 91 436 790 193 786 383 0 568 709 597 993 138
625 677 127 249 589 704 696 516 636 164 229 607 535 289 568 0 255 29 473 655
559 774 328 484 746 575 803 683 793 400 199 678 775 335 709 255 0 236 288 823
636 703 118 255 618 709 723 545 665 193 200 631 545 307 597 29 236 0 445 684
814 1063 474 625 1027 789 1091 960 1074 637 261 966 893 623 993 473 288 445 0 1102
642 242 731 695 83 813 215 141 51 504 883 316 776 508 138 655 823 684 1102 0
