20
0 310 352 818 579 415 632 822 256 168 803 664 474 479 191 794 556 516 975 229
310 0 525 882 601 656 642 686 455 214 560 531 526 608 148 568 568 485 1019 386
352 525 0 482 304 172 357 659 96 315 781 532 205 135 489 748 300 322 642 142
818 882 482 0 282 551 252 527 574 722 815 522 360 347 908 761 317 410 160 588
579 601 304 282 0 446 55 385 371 457 596 302 107 204 639 549 35 131 418 356
415 656 172 551 446 0 494 820 203 442 953 700 362 244 588 920 451 488 707 277
632 642 357 252 55 494 0 353 426 507 589 292 162 250 687 540 77 159 377 410
822 686 659 527 385 820 353 0 697 658 322 160 457 586 793 265 371 339 565 650
256 455 96 574 371 203 426 697 0 241 779 556 265 228 402 752 359 358 733 74
168 214 315 722 457 442 507 658 241 0 637 499 362 413 186 626 429 371 871 173
803 560 781 815 596 953 589 322 779 637 0 297 619 760 701 56 568 487 877 712
664 531 532 522 302 700 292 160 556 499 297 0 344 483 634 248 277 212 603 503
474 526 205 360 107 362 162 457 265 362 619 344 0 140 548 579 95 133 508 249
479 608 135 347 204 244 250 586 228 413 760 483 140 0 597 720 214 273 507 254
191 148 489 908 639 588 687 793 402 186 701 634 548 597 0 704 610 542 1056 347
794 568 748 761 549 920 540 265 752 626 56 248 579 720 704 0 522 446 821 688
556 568 300 317 35 451 77 371 359 429 568 277 95 214 610 522 0 96 451 338
516 485 322 410 131 488 159 339 358 371 487 212 133 273 542 446 96 0 536 318
975 1019 642 160 418 707 377 565 733 871 877 603 508 507 1056 821 451 536 0 745
229 386 142 588 356 277 410 650 74 173 712 503 249 254 347 688 338 318 745 0
