20
0 876 528 863 819 450 585 817 275 252 364 539 427 191 644 340 247 279 535 818
876 0 749 151 88 855 704 867 860 705 620 423 773 835 310 557 642 1138 662 62
528 749 0 648 747 890 921 291 283 297 664 686 105 344 440 358 522 632 87 689
863 151 648 0 217 919 794 732 800 660 665 492 689 790 232 526 651 1108 561 129
819 88 747 217 0 771 616 892 828 668 543 341 759 795 311 515 579 1088 661 89
450 855 890 919 771 0 217 1175 703 597 266 432 809 616 774 558 372 667 860 818
585 704 921 794 616 217 0 1187 793 653 259 309 859 711 697 564 413 838 872 678
817 867 291 732 892 1175 1187 0 557 587 937 923 389 629 589 625 803 888 316 816
275 860 283 800 828 703 793 557 0 167 537 643 178 87 569 319 384 353 321 798
252 705 297 660 668 597 653 587 167 0 394 479 212 130 430 153 241 450 287 644
364 620 664 665 543 266 259 937 537 394 0 208 599 459 508 311 154 639 621 576
539 423 686 492 341 432 309 923 643 479 208 0 649 582 391 341 293 818 621 386
427 773 105 689 759 809 859 389 178 212 599 649 0 240 466 309 450 530 152 712
191 835 344 790 795 616 711 629 87 130 459 582 240 0 559 279 308 326 365 773
644 310 440 232 311 774 697 589 569 430 508 391 466 559 0 303 454 879 353 249
340 557 358 526 515 558 564 625 319 153 311 341 309 279 303 0 189 584 309 496
247 642 522 651 579 372 413 803 384 241 154 293 450 308 454 189 0 526 488 588
279 1138 632 1108 1088 667 838 888 353 450 639 818 530 326 879 584 526 0 675 1079
535 662 87 561 661 860 872 316 321 287 621 621 152 365 353 309 488 675 0 603
818 62 689 129 89 818 678 816 798 644 576 386 712 773 249 496 588 1079 603 0
