20
0 715 260 293 570 817 410 538 796 583 293 1014 945 771 552 80 719 614 603 735
715 0 655 637 633 588 461 214 340 380 432 465 334 65 180 756 28 103 227 250
260 655 0 37 748 942 535 444 845 672 350 1049 951 719 475 340 649 555 475 587
293 637 37 0 762 947 545 423 839 674 355 1040 938 701 457 373 629 537 449 557
570 633 748 762 0 293 234 627 439 256 422 623 634 647 601 535 658 588 716 828
817 588 942 947 293 0 413 679 270 278 592 375 437 570 640 798 616 591 753 829
410 461 535 545 234 413 0 406 403 177 192 620 578 493 385 405 480 391 496 617
538 214 444 423 627 679 406 0 484 415 291 654 534 279 42 591 205 121 90 219
796 340 845 839 439 270 403 484 0 228 515 218 195 310 442 804 368 373 540 590
583 380 672 674 256 278 177 415 228 0 323 443 411 390 380 582 406 348 496 593
293 432 350 355 422 592 192 291 515 323 0 729 653 484 289 325 440 335 375 509
1014 465 1049 1040 623 375 620 654 218 443 729 0 141 412 612 1022 489 533 690 705
945 334 951 938 634 437 578 534 195 411 653 141 0 276 494 964 356 413 561 567
771 65 719 701 647 570 493 279 310 390 484 412 276 0 244 809 80 165 289 294
552 180 475 457 601 640 385 42 442 380 289 612 494 244 0 601 175 82 116 232
80 756 340 373 535 798 405 591 804 582 325 1022 964 809 601 0 763 657 663 796
719 28 649 629 658 616 480 205 368 406 440 489 356 80 175 763 0 106 208 223
614 103 555 537 588 591 391 121 373 348 335 533 413 165 82 657 106 0 166 244
603 227 475 449 716 753 496 90 540 496 375 690 561 289 116 663 208 166 0 134
735 250 587 557 828 829 617 219 590 593 509 705 567 294 232 796 223 244 134 0
