20
0 421 623 328 555 634 509 705 460 747 773 233 110 370 489 497 553 322 237 685
421 0 682 731 976 1007 388 595 784 668 639 595 311 513 882 513 785 719 541 723
623 682 0 626 896 679 321 263 453 231 318 836 622 253 665 169 289 603 859 63
328 731 626 0 285 316 679 814 233 826 884 356 433 420 162 581 410 23 431 688
555 976 896 285 0 351 964 1098 455 1105 1167 455 665 705 248 865 644 307 542 955
634 1007 679 316 351 0 856 925 248 909 988 663 731 576 160 712 390 315 743 726
509 388 321 679 964 856 0 218 608 284 276 742 452 280 783 169 521 658 732 348
705 595 263 814 1098 925 218 0 685 79 70 938 661 394 887 233 544 791 936 246
460 784 453 233 455 248 608 685 0 677 751 568 538 328 213 466 189 215 631 508
747 668 231 826 1105 909 284 79 677 0 94 977 713 412 884 255 521 803 982 198
773 639 318 884 1167 988 276 70 751 94 0 1005 725 464 954 303 604 861 1002 290
233 595 836 356 455 663 742 938 568 977 1005 0 308 584 503 724 711 366 87 899
110 311 622 433 665 731 452 661 538 713 725 308 0 378 592 476 602 425 282 680
370 513 253 420 705 576 280 394 328 412 464 584 378 0 506 161 274 397 605 316
489 882 665 162 248 160 783 887 213 884 954 503 592 506 0 659 399 167 583 721
497 513 169 581 865 712 169 233 466 255 303 724 476 161 659 0 357 558 734 214
553 785 289 410 644 390 521 544 189 521 604 711 602 274 399 357 0 389 760 336
322 719 603 23 307 315 658 791 215 803 861 366 425 397 167 558 389 0 438 665
237 541 859 431 542 743 732 936 631 982 1002 87 282 605 583 734 760 438 0 921
685 723 63 688 955 726 348 246 508 198 290 899 680 316 721 214 336 665 921 0
