20
0 678 498 941 735 281 428 857 214 378 636 858 818 1053 482 480 403 120 772 876
678 0 188 842 941 606 782 834 473 767 196 355 280 720 465 574 667 683 438 519
498 188 0 768 797 421 606 737 304 586 176 411 352 721 317 420 494 495 412 515
941 842 768 0 394 660 591 109 904 633 647 574 631 322 499 462 550 835 415 381
735 941 797 394 0 481 309 286 790 360 757 806 833 690 480 376 351 615 626 657
281 606 421 660 481 0 204 576 312 171 486 667 648 796 238 203 130 178 542 638
428 782 606 591 309 204 0 488 512 51 634 771 770 804 342 244 117 308 614 690
857 834 737 109 286 576 488 0 840 533 638 606 654 412 444 387 458 747 432 425
214 473 304 904 790 312 512 840 0 471 464 698 648 951 406 453 438 264 648 756
378 767 586 633 360 171 51 533 471 0 628 778 772 834 343 256 120 257 628 710
636 196 176 647 757 486 634 638 464 628 0 237 184 555 296 405 517 606 253 348
858 355 411 574 806 667 771 606 698 778 237 0 76 375 437 526 659 812 180 197
818 280 352 631 833 648 770 654 648 772 184 76 0 450 429 527 655 782 221 263
1053 720 721 322 690 796 804 412 951 834 555 375 450 0 571 597 724 971 310 207
482 465 317 499 480 238 342 444 406 343 296 437 429 571 0 110 226 404 304 402
480 574 420 462 376 203 244 387 453 256 405 526 527 597 110 0 136 382 372 456
403 667 494 550 351 130 117 458 438 120 517 659 655 724 226 136 0 290 508 592
120 683 495 835 615 178 308 747 264 257 606 812 782 971 404 382 290 0 705 806
772 438 412 415 626 542 614 432 648 628 253 180 221 310 304 372 508 705 0 107
876 519 515 381 657 638 690 425 756 710 348 197 263 207 402 456 592 806 107 0
