20
0 830 722 731 251 563 455 318 624 789 268 215 803 889 783 526 304 616 578 630
830 0 142 773 621 880 468 1086 313 265 562 622 499 183 359 355 528 250 428 285
722 142 0 789 497 856 422 998 171 339 458 524 556 306 423 219 417 114 421 285
731 773 789 0 762 250 424 736 856 526 630 601 318 666 438 782 666 773 369 504
251 621 497 762 0 671 372 565 379 645 133 168 729 715 667 286 117 385 491 486
563 880 856 250 671 0 436 499 874 674 555 503 519 818 604 782 604 807 453 594
455 468 422 424 372 436 0 642 444 343 241 251 360 463 327 361 260 372 125 199
318 1086 998 736 565 499 642 0 925 982 544 474 923 1106 949 823 593 902 743 841
624 313 171 856 379 874 444 925 0 481 384 456 672 473 552 102 332 91 489 379
789 265 339 526 645 674 343 982 481 0 539 575 234 143 93 465 530 391 242 160
268 562 458 630 133 555 241 544 384 539 0 72 601 627 550 281 54 358 363 378
215 622 524 601 168 503 251 474 456 575 72 0 610 674 574 353 125 427 376 416
803 499 556 318 729 519 360 923 672 234 601 610 0 361 140 629 613 581 238 294
889 183 306 666 715 818 463 1106 473 143 627 674 361 0 228 488 607 394 378 265
783 359 423 438 667 604 327 949 552 93 550 574 140 228 0 522 549 460 208 189
526 355 219 782 286 782 361 823 102 465 281 353 629 488 522 0 230 105 425 337
304 528 417 666 117 604 260 593 332 530 54 125 613 607 549 230 0 312 375 370
616 250 114 773 385 807 372 902 91 391 358 427 581 394 460 105 312 0 404 289
578 428 421 369 491 453 125 743 489 242 363 376 238 378 208 425 375 404 0 143
630 285 285 504 486 594 199 841 379 160 378 416 294 265 189 337 370 289 143 0
