20
0 476 340 772 751 927 852 865 942 1034 56 1206 826 878 273 557 968 915 858 613
476 0 270 364 707 463 753 525 475 652 518 788 531 734 415 81 499 459 786 161
340 270 0 448 876 633 947 788 725 922 357 1056 784 944 452 336 746 612 971 430
772 364 448 0 1041 224 1066 723 449 773 799 828 768 1030 776 319 456 187 1106 381
751 707 876 1041 0 1034 117 488 838 643 804 838 400 182 479 727 863 1055 108 663
927 463 633 224 1034 0 1033 631 280 630 962 644 696 983 870 389 275 44 1079 393
852 753 947 1066 117 1033 0 442 814 577 906 764 358 79 578 760 837 1059 50 685
865 525 788 723 488 631 442 0 380 181 921 377 87 376 638 485 401 664 493 383
942 475 725 449 838 280 814 380 0 351 989 378 458 753 805 396 28 322 863 329
1034 652 922 773 643 630 577 181 351 0 1089 198 256 501 817 596 361 671 627 495
56 518 357 799 804 962 906 921 989 1089 0 1259 883 933 328 600 1014 948 912 661
1206 788 1056 828 838 644 764 377 378 198 1259 0 455 686 1003 721 373 688 813 627
826 531 784 768 400 696 358 87 458 256 883 455 0 294 585 504 481 727 407 407
878 734 944 1030 182 983 79 376 753 501 933 686 294 0 605 733 775 1011 127 651
273 415 452 776 479 870 578 638 805 817 328 1003 585 605 0 482 832 871 586 492
557 81 336 319 727 389 760 485 396 596 600 721 504 733 482 0 419 389 797 102
968 499 746 456 863 275 837 401 28 361 1014 373 481 775 832 419 0 318 886 355
915 459 612 187 1055 44 1059 664 322 671 948 688 727 1011 871 389 318 0 1104 405
858 786 971 1106 108 1079 50 493 863 627 912 813 407 127 586 797 886 1104 0 725
613 161 430 381 663 393 685 383 329 495 661 627 407 651 492 102 355 405 725 0
