20
0 539 285 636 328 454 678 598 552 760 373 299 774 33 309 180 596 503 524 281
539 0 610 200 336 683 277 347 265 529 756 837 513 551 840 360 386 106 54 445
285 610 0 616 280 739 626 493 488 981 146 433 986 254 355 351 470 529 571 168
636 200 616 0 343 865 76 195 140 720 757 931 700 639 909 474 239 146 162 450
328 336 280 343 0 689 367 270 232 776 425 605 773 320 570 226 268 249 293 111
454 683 739 865 689 0 932 921 848 523 818 533 556 486 631 462 937 720 705 697
678 277 626 76 367 932 0 157 138 796 761 968 776 677 937 526 200 212 235 467
598 347 493 195 270 921 157 0 83 875 621 871 860 590 825 475 44 247 294 348
552 265 488 140 232 848 138 83 0 792 625 836 777 548 801 413 120 164 211 329
760 529 981 720 776 523 796 875 792 0 1109 979 39 790 1044 630 911 628 581 853
373 756 146 757 425 818 761 621 625 1109 0 414 1118 340 308 480 593 674 717 313
299 837 433 931 605 533 968 871 836 979 414 0 1002 292 119 477 861 801 823 526
774 513 986 700 773 556 776 860 777 39 1118 1002 0 803 1063 637 897 614 566 854
33 551 254 639 320 486 677 590 548 790 340 292 803 0 290 197 586 509 533 263
309 840 355 909 570 631 937 825 801 1044 308 119 1063 290 0 487 810 789 818 477
180 360 351 474 226 462 526 475 413 630 480 477 637 197 487 0 484 333 348 249
596 386 470 239 268 937 200 44 120 911 593 861 897 586 810 484 0 283 331 335
503 106 529 146 249 720 212 247 164 628 674 801 614 509 789 333 283 0 52 360
524 54 571 162 293 705 235 294 211 581 717 823 566 533 818 348 331 52 0 404
281 445 168 450 111 697 467 348 329 853 313 526 854 263 477 249 335 360 404 0
