20
0 652 477 801 418 508 364 186 259 753 907 348 332 685 569 772 526 445 283 459
652 0 544 160 540 996 736 764 536 150 332 306 661 254 592 259 177 681 445 582
477 544 0 618 59 513 262 663 608 693 876 370 209 740 95 785 368 833 550 791
801 160 618 0 628 1105 842 921 696 191 321 453 768 357 645 317 288 836 605 735
418 540 59 628 0 484 225 604 556 687 869 335 162 720 152 771 362 781 502 744
508 996 513 1105 484 0 263 627 764 1133 1311 720 336 1121 543 1193 823 949 769 968
364 736 262 842 225 263 0 535 588 876 1056 474 74 878 316 944 561 800 567 793
186 764 663 921 604 627 535 0 255 839 971 480 513 736 756 831 667 344 330 401
259 536 608 696 556 764 588 255 0 593 717 301 536 481 702 576 478 225 92 205
753 150 693 191 687 1133 876 839 593 0 182 423 801 172 742 128 325 693 509 587
907 332 876 321 869 1311 1056 971 717 182 0 593 981 236 923 140 508 771 643 662
348 306 370 453 335 720 474 480 301 423 593 0 401 404 454 472 186 508 217 443
332 661 209 768 162 336 74 513 536 801 981 401 0 805 279 869 487 753 507 739
685 254 740 357 720 1121 878 736 481 172 236 404 805 0 806 95 386 542 412 433
569 592 95 645 152 543 316 756 702 742 923 454 279 806 0 843 423 927 642 883
772 259 785 317 771 1193 944 831 576 128 140 472 869 95 843 0 419 635 504 526
526 177 368 288 362 823 561 667 478 325 508 186 487 386 423 419 0 667 387 585
445 681 833 836 781 949 800 344 225 693 771 508 753 542 927 635 667 0 292 109
283 445 550 605 502 769 567 330 92 509 643 217 507 412 642 504 387 292 0 241
459 582 791 735 744 968 793 401 205 587 662 443 739 433 883 526 585 109 241 0
