20
0 231 677 709 613 28 338 509 234 806 1001 280 240 588 642 622 467 494 134 581
231 0 785 745 773 254 530 678 39 865 930 464 336 749 782 403 236 287 307 741
677 785 0 240 198 653 405 256 817 204 695 427 455 206 123 953 960 839 543 207
709 745 240 0 424 693 536 446 782 137 457 529 469 425 356 810 870 715 587 423
613 773 198 424 0 586 286 106 798 402 881 335 440 25 76 1019 980 893 485 32
28 254 653 693 586 0 310 482 259 786 995 252 224 561 616 639 490 510 111 554
338 530 405 536 286 310 0 180 548 583 944 66 240 261 332 848 757 714 223 254
509 678 256 446 106 482 180 0 702 455 892 230 351 80 158 948 892 818 383 73
234 39 817 782 798 259 548 702 0 902 968 483 365 774 811 421 235 311 324 766
806 865 204 137 402 786 583 455 902 0 526 591 567 411 325 947 1003 852 676 411
1001 930 695 457 881 995 944 892 968 526 0 917 790 880 813 772 941 750 913 878
280 464 427 529 335 252 66 230 483 591 917 0 179 309 370 784 691 650 159 302
240 336 455 469 440 224 240 351 365 567 790 179 0 417 446 609 541 476 124 409
588 749 206 425 25 561 261 80 774 411 880 309 417 0 90 1000 957 873 460 7
642 782 123 356 76 616 332 158 811 325 813 370 446 90 0 1000 979 878 509 93
622 403 953 810 1019 639 848 948 421 947 772 784 609 1000 1000 0 233 134 651 993
467 236 960 870 980 490 757 892 235 1003 941 691 541 957 979 233 0 192 537 950
494 287 839 715 893 510 714 818 311 852 750 650 476 873 878 134 192 0 517 866
134 307 543 587 485 111 223 383 324 676 913 159 124 460 509 651 537 517 0 452
581 741 207 423 32 554 254 73 766 411 878 302 409 7 93 993 950 866 452 0
