20
0 434 807 535 511 217 290 522 336 304 454 888 549 101 634 334 534 368 786 53
434 0 543 889 82 650 169 757 300 130 363 520 881 337 242 227 653 369 567 435
807 543 0 997 489 968 674 756 833 611 366 239 958 717 343 478 573 461 83 840
535 889 997 0 945 391 794 259 871 780 667 1176 58 591 1002 686 439 587 934 577
511 82 489 945 0 725 251 795 375 211 370 443 932 412 167 263 675 395 523 515
217 650 968 391 725 0 507 482 528 521 602 1078 425 313 838 521 568 507 933 233
290 169 674 794 251 507 0 708 164 63 410 682 796 206 407 243 644 374 683 279
522 757 756 259 795 482 708 0 826 675 462 953 209 532 816 533 185 403 688 574
336 300 833 871 375 528 164 826 0 228 573 819 882 294 541 405 786 530 846 300
304 130 611 780 211 521 63 675 228 0 350 628 777 209 355 184 597 321 619 304
454 363 366 667 370 602 410 462 573 350 0 510 639 375 355 167 314 95 333 494
888 520 239 1176 443 1078 682 953 819 628 510 0 1144 788 277 558 778 599 322 908
549 881 958 58 932 425 796 209 882 777 639 1144 0 596 980 671 393 563 893 594
101 337 717 591 412 313 206 532 294 209 375 788 596 0 533 239 509 298 701 123
634 242 343 1002 167 838 407 816 541 355 355 277 980 533 0 326 667 417 392 648
334 227 478 686 263 521 243 533 405 184 167 558 671 239 326 0 427 143 468 362
534 653 573 439 675 568 644 185 786 597 314 778 393 509 667 427 0 284 504 587
368 369 461 587 395 507 374 403 530 321 95 599 563 298 417 143 284 0 427 411
786 567 83 934 523 933 683 688 846 619 333 322 893 701 392 468 504 427 0 823
53 435 840 577 515 233 279 574 300 304 494 908 594 123 648 362 587 411 823 0
