20
0 747 316 300 712 364 822 652 46 105 823 773 313 139 334 449 533 302 129 707
747 0 432 508 641 671 500 602 700 817 468 428 1033 885 561 752 710 973 618 397
316 432 0 138 554 343 583 492 269 394 573 519 604 455 228 449 470 555 189 452
300 508 138 0 449 205 525 386 262 400 524 473 535 434 89 310 336 467 209 407
712 641 554 449 0 362 231 62 686 817 262 257 821 819 383 334 224 719 652 253
364 671 343 205 362 0 524 310 348 467 537 498 469 459 120 107 169 373 342 444
822 500 583 525 231 524 0 242 786 924 36 75 993 948 493 532 431 897 732 134
652 602 492 386 62 310 242 0 625 758 267 249 774 762 321 295 189 674 590 229
46 700 269 262 686 348 786 625 0 138 786 735 356 185 304 439 517 337 82 669
105 817 394 400 817 467 924 758 138 0 924 873 313 94 439 548 636 337 206 807
823 468 573 524 262 537 36 267 786 924 0 54 1004 951 498 551 453 910 729 121
773 428 519 473 257 498 75 249 735 873 54 0 962 902 451 520 428 870 676 67
313 1033 604 535 821 469 993 774 356 313 1004 962 0 220 518 490 601 107 435 904
139 885 455 434 819 459 948 762 185 94 951 902 220 0 455 525 623 257 266 838
334 561 228 89 383 120 493 321 304 439 498 451 518 455 0 222 248 437 271 389
449 752 449 310 334 107 532 295 439 548 551 520 490 525 222 0 111 386 443 477
533 710 470 336 224 169 431 189 517 636 453 428 601 623 248 111 0 497 506 392
302 973 555 467 719 373 897 674 337 337 910 870 107 257 437 386 497 0 407 815
129 618 189 209 652 342 732 590 82 206 729 676 435 266 271 443 506 407 0 609
707 397 452 407 253 444 134 229 669 807 121 67 904 838 389 477 392 815 609 0
