20
0 615 595 175 935 746 267 298 87 112 774 919 841 583 628 852 537 646 769 832
615 0 456 453 637 522 743 375 578 506 1005 611 419 480 33 1046 832 638 366 255
595 456 0 541 341 151 535 322 512 543 577 326 313 32 434 605 463 185 259 469
175 453 541 0 868 686 400 219 184 65 855 848 735 539 471 924 624 640 664 686
935 637 341 868 0 189 861 653 853 878 729 26 238 356 605 715 716 380 272 494
746 522 151 686 189 0 676 468 663 692 621 176 231 167 494 628 560 229 209 455
267 743 535 400 861 676 0 368 216 340 523 851 836 511 746 605 289 505 771 906
298 375 322 219 653 468 368 0 231 225 701 634 543 320 378 760 491 430 471 552
87 578 512 184 853 663 216 231 0 124 699 837 769 499 588 775 463 558 698 780
112 506 543 65 878 692 340 225 124 0 811 859 761 538 521 884 578 625 689 731
774 1005 577 855 729 621 523 701 699 811 0 736 852 546 990 85 237 401 818 1046
919 611 326 848 26 176 851 634 837 859 736 0 212 343 579 725 714 377 246 468
841 419 313 735 238 231 836 543 769 761 852 212 0 343 386 859 772 454 71 257
583 480 32 539 356 167 511 320 499 538 546 343 343 0 460 575 431 158 290 501
628 33 434 471 605 494 746 378 588 521 990 579 386 460 0 1029 823 618 334 227
852 1046 605 924 715 628 605 760 775 884 85 725 859 575 1029 0 316 421 832 1068
537 832 463 624 716 560 289 491 463 578 237 714 772 431 823 316 0 337 722 921
646 638 185 640 380 229 505 430 558 625 401 377 454 158 618 421 337 0 417 647
769 366 259 664 272 209 771 471 698 689 818 246 71 290 334 832 722 417 0 247
832 255 469 686 494 455 906 552 780 731 1046 468 257 501 227 1068 921 647 247 0
