20
0 652 383 638 743 154 312 366 353 183 485 116 639 406 43 28 233 185 323 388
652 0 647 651 135 505 921 964 847 489 706 732 400 298 625 679 885 807 957 265
383 647 0 273 668 326 406 422 249 440 104 336 398 355 344 401 518 546 473 469
638 651 273 0 616 542 671 678 496 645 207 607 271 431 596 660 791 812 741 580
743 135 668 616 0 590 987 1026 891 594 709 810 347 351 711 770 976 909 1030 370
154 505 326 542 590 0 425 473 401 113 429 229 498 252 121 182 386 332 454 245
312 921 406 671 987 425 0 54 184 492 466 201 787 636 318 299 206 319 73 669
366 964 422 678 1026 473 54 0 182 544 471 253 812 675 369 353 253 371 99 716
353 847 249 496 891 401 184 182 0 499 289 245 646 550 335 354 360 442 257 622
183 489 440 645 594 113 492 544 499 0 543 291 568 297 175 204 405 317 507 225
485 706 104 207 709 429 466 471 289 543 0 428 401 426 446 502 602 642 537 554
116 732 336 607 810 229 201 253 245 291 428 0 657 461 116 110 190 214 225 474
639 400 398 271 347 498 787 812 646 568 401 657 0 278 597 666 845 824 847 416
406 298 355 431 351 252 636 675 550 297 426 461 278 0 370 434 634 584 680 150
43 625 344 596 711 121 318 369 335 175 446 116 597 370 0 69 265 227 338 363
28 679 401 660 770 182 299 353 354 204 502 110 666 434 69 0 206 158 304 414
233 885 518 791 976 386 206 253 360 405 602 190 845 634 265 206 0 129 161 620
185 807 546 812 909 332 319 371 442 317 642 214 824 584 227 158 129 0 287 542
323 957 473 741 1030 454 73 99 257 507 537 225 847 680 338 304 161 287 0 699
388 265 469 580 370 245 669 716 622 225 554 474 416 150 363 414 620 542 699 0
