20
0 408 500 179 380 580 38 350 703 685 544 247 244 719 212 342 702 479 591 555
408 0 492 573 355 555 445 292 634 737 696 640 506 641 417 643 1045 826 959 672
500 492 0 651 147 80 524 699 204 244 257 711 738 219 296 842 744 962 719 212
179 573 651 0 546 728 142 440 854 805 638 68 202 871 354 221 656 311 526 662
380 355 147 546 0 223 410 551 334 387 348 611 607 348 205 720 773 856 721 319
580 555 80 728 223 0 603 774 126 192 266 787 818 143 374 921 772 1038 760 213
38 445 524 142 410 603 0 372 728 701 551 211 233 743 230 318 680 447 565 566
350 292 699 440 551 774 372 0 876 931 836 491 285 887 496 413 1052 605 937 830
703 634 204 854 334 126 728 876 0 208 355 914 939 18 500 1045 865 1165 866 299
685 737 244 805 387 192 701 931 208 0 195 855 930 221 474 1016 681 1105 703 149
544 696 257 638 348 266 551 836 355 195 0 681 785 372 344 855 510 927 514 56
247 640 711 68 611 787 211 491 914 855 681 0 228 930 415 202 647 252 512 709
244 506 738 202 607 818 233 285 939 930 785 228 0 953 456 137 858 325 729 799
719 641 219 871 348 143 743 887 18 221 372 930 953 0 516 1061 882 1181 884 316
212 417 296 354 205 374 230 496 500 474 344 415 456 516 0 549 630 665 553 348
342 643 842 221 720 921 318 413 1045 1016 855 202 137 1061 549 0 847 192 711 877
702 1045 744 656 773 772 680 1052 865 681 510 647 858 882 630 847 0 806 139 566
479 826 962 311 856 1038 447 605 1165 1105 927 252 325 1181 665 192 806 0 667 958
591 959 719 526 721 760 565 937 866 703 514 512 729 884 553 711 139 667 0 569
555 672 212 662 319 213 566 830 299 149 56 709 799 316 348 877 566 958 569 0
