10
0 444 509 412 462 270 689 375 646 270
444 0 236 387 45 207 470 69 635 347
509 236 0 228 193 246 704 242 863 529
412 387 228 0 361 244 840 351 932 548
462 45 193 361 0 209 510 93 680 386
270 207 246 244 209 0 608 144 688 310
689 470 704 840 510 608 0 490 302 424
375 69 242 351 93 144 490 0 621 299
646 635 863 932 680 688 302 621 0 395
270 347 529 548 386 310 424 299 395 0
