10
0 633 846 493 507 775 399 637 388 198
633 0 214 329 603 143 688 176 426 601
846 214 0 504 774 77 881 305 619 801
493 329 504 0 274 427 381 205 130 571
507 603 774 274 0 698 173 469 203 661
775 143 77 427 698 0 803 231 541 741
399 688 881 381 173 803 0 586 262 581
637 176 305 205 469 231 586 0 330 659
388 426 619 130 203 541 262 330 0 500
198 601 801 571 661 741 581 659 500 0
