10
0 500 254 399 270 213 12 518 183 533
500 0 737 240 769 288 512 448 489 447
254 737 0 653 83 451 244 755 281 771
399 240 653 0 659 250 409 223 478 227
270 769 83 659 0 481 259 737 342 754
213 288 451 250 481 0 225 441 231 451
12 512 244 409 259 225 0 525 188 540
518 448 755 223 737 441 525 0 648 18
183 489 281 478 342 231 188 648 0 660
533 447 771 227 754 451 540 18 660 0
