10
0 249 654 900 658 775 602 512 767 587
249 0 776 1116 688 801 851 746 1003 826
654 776 0 539 272 311 741 467 591 878
900 1116 539 0 811 841 541 401 217 724
658 688 272 811 0 116 938 675 845 1044
775 801 311 841 116 0 1026 756 902 1142
602 851 741 541 938 1026 0 274 326 182
512 746 467 401 675 756 274 0 257 423
767 1003 591 217 845 902 326 257 0 508
587 826 878 724 1044 1142 182 423 508 0
