10
0 386 254 771 309 762 106 187 837 237
386 0 552 398 599 441 489 515 474 197
254 552 0 951 55 816 196 381 927 356
771 398 951 0 996 468 877 862 364 594
309 599 55 996 0 840 246 430 957 401
762 441 816 468 840 0 845 927 155 524
106 489 196 877 246 845 0 185 930 325
187 515 381 862 430 927 185 0 986 409
837 474 927 364 957 155 930 986 0 604
237 197 356 594 401 524 325 409 604 0
