10
0 523 817 267 545 697 722 210 282 640
523 0 718 758 75 367 487 546 479 259
817 718 0 838 648 397 254 997 1007 492
267 758 838 0 764 842 823 432 530 814
545 75 648 764 0 291 413 593 536 184
697 367 397 842 291 0 143 811 780 108
722 487 254 823 413 143 0 866 851 242
210 546 997 432 593 811 866 0 110 733
282 479 1007 530 536 780 851 110 0 692
640 259 492 814 184 108 242 733 692 0
