10
0 723 1088 935 231 539 691 951 1045 680
723 0 543 324 503 519 251 251 321 679
1088 543 0 761 862 607 791 359 497 620
935 324 761 0 748 840 247 402 304 1003
231 503 862 748 0 361 519 721 824 535
539 519 607 840 361 0 682 624 778 190
691 251 791 247 519 682 0 466 457 864
951 251 359 402 721 624 466 0 169 735
1045 321 497 304 824 778 457 169 0 900
680 679 620 1003 535 190 864 735 900 0
