10
0 281 432 491 215 265 570 520 300 425
281 0 151 541 121 457 479 701 119 144
432 151 0 640 242 601 518 806 181 25
491 541 640 0 594 292 260 991 649 617
215 121 242 594 0 448 577 580 85 244
265 457 601 292 448 0 479 712 526 585
570 479 518 260 577 479 0 1089 599 493
520 701 806 991 580 712 1089 0 625 815
300 119 181 649 85 526 599 625 0 190
425 144 25 617 244 585 493 815 190 0
