10
0 155 266 218 645 184 737 881 765 705
155 0 138 145 495 153 582 728 662 642
266 138 0 90 386 286 513 676 524 516
218 145 90 0 466 296 603 767 547 503
645 495 386 466 0 593 215 387 393 541
184 153 286 296 593 0 633 754 808 795
737 582 513 603 215 633 0 175 602 757
881 728 676 767 387 754 175 0 760 927
765 662 524 547 393 808 602 760 0 214
705 642 516 503 541 795 757 927 214 0
