10
0 491 636 241 259 349 375 417 842 269
491 0 435 626 707 756 808 320 904 512
636 435 0 597 710 695 762 220 515 446
241 626 597 0 113 130 184 415 650 151
259 707 710 113 0 108 116 523 739 264
349 756 695 130 108 0 67 531 654 264
375 808 762 184 116 67 0 594 708 327
417 320 220 415 523 531 594 0 590 266
842 904 515 650 739 654 708 590 0 573
269 512 446 151 264 264 327 266 573 0
