10
0 852 400 675 284 639 286 558 477 537
852 0 642 239 937 490 650 457 759 838
400 642 0 409 653 698 123 600 146 799
675 239 409 0 820 525 435 452 520 804
284 937 653 820 0 573 529 528 751 318
639 490 698 525 573 0 618 98 844 368
286 650 123 435 529 618 0 520 247 682
558 457 600 452 528 98 520 0 746 380
477 759 146 520 751 844 247 746 0 928
537 838 799 804 318 368 682 380 928 0
