10
0 784 769 475 878 795 604 1176 196 266
784 0 577 457 660 285 561 392 587 719
769 577 0 317 1167 310 969 823 635 895
475 457 317 0 911 341 683 817 321 577
878 660 1167 911 0 928 274 846 762 633
795 285 310 341 928 0 780 523 612 825
604 561 969 683 274 780 0 861 493 367
1176 392 823 817 846 523 861 0 980 1094
196 587 635 321 762 612 493 980 0 266
266 719 895 577 633 825 367 1094 266 0
