10
0 348 694 386 563 858 862 463 434 954
348 0 507 300 283 807 747 152 86 1118
694 507 0 309 255 380 264 374 492 913
386 300 309 0 262 520 489 258 339 840
563 283 255 262 0 617 518 132 246 1067
858 807 380 520 617 0 157 709 821 618
862 747 264 489 518 157 0 628 745 770
463 152 374 258 132 709 628 0 118 1097
434 86 492 339 246 821 745 118 0 1174
954 1118 913 840 1067 618 770 1097 1174 0
