10
0 650 137 835 501 492 519 449 396 335
650 0 625 780 651 227 1107 714 689 953
137 625 0 701 365 433 485 574 521 328
835 780 701 0 339 601 905 1216 1168 885
501 651 365 339 0 427 618 909 859 561
492 227 433 601 427 0 899 696 658 760
519 1107 485 905 618 899 0 907 860 191
449 714 574 1216 909 696 907 0 52 718
396 689 521 1168 859 658 860 52 0 670
335 953 328 885 561 760 191 718 670 0
