10
0 274 367 603 523 61 540 694 645 218
274 0 374 699 593 219 295 480 372 491
367 374 0 965 878 375 649 844 655 464
603 699 965 0 113 590 731 726 908 639
523 593 878 113 0 503 618 621 795 594
61 219 375 590 503 0 479 633 587 277
540 295 649 731 618 479 0 197 178 755
694 480 844 726 621 633 197 0 301 899
645 372 655 908 795 587 178 301 0 863
218 491 464 639 594 277 755 899 863 0
