10
0 733 137 788 1003 812 889 674 173 719
733 0 870 62 847 593 640 496 816 444
137 870 0 925 1096 923 999 791 186 841
788 62 925 0 830 580 621 497 864 437
1003 847 1096 830 0 258 208 390 920 411
812 593 923 580 258 0 77 146 765 153
889 640 999 621 208 77 0 222 838 216
674 496 791 497 390 146 222 0 642 79
173 816 186 864 920 765 838 642 0 702
719 444 841 437 411 153 216 79 702 0
