10
0 887 789 661 985 390 739 79 433 830
887 0 237 580 122 614 398 838 454 57
789 237 0 686 252 447 540 726 390 219
661 580 686 0 701 685 192 666 430 538
985 122 252 701 0 682 517 931 555 173
390 614 447 685 682 0 655 313 262 565
739 398 540 192 517 655 0 724 394 363
79 838 726 666 931 313 724 0 388 782
433 454 390 430 555 262 394 388 0 397
830 57 219 538 173 565 363 782 397 0
