10
0 669 309 974 636 316 706 443 334 592
669 0 428 618 961 540 928 236 344 551
309 428 0 907 849 411 879 195 114 622
974 618 907 0 813 671 701 740 793 416
636 961 849 813 0 453 136 848 788 456
316 540 411 671 453 0 468 396 336 275
706 928 879 701 136 468 0 847 803 388
443 236 195 740 848 396 847 0 110 524
334 344 114 793 788 336 803 110 0 519
592 551 622 416 456 275 388 524 519 0
