10
0 357 308 418 685 296 626 609 706 516
357 0 501 110 1042 239 916 635 904 544
308 501 0 492 682 566 427 336 415 260
418 110 492 0 1088 348 918 566 873 482
685 1042 682 1088 0 943 435 966 711 920
296 239 566 348 943 0 922 796 981 700
626 916 427 918 435 922 0 599 277 584
609 635 336 566 966 796 599 0 405 97
706 904 415 873 711 981 277 405 0 432
516 544 260 482 920 700 584 97 432 0
