25
0 687 267 597 562 591 340 401 696 248 598 325 351 629 841 96 136 751 50 169 543 121 444 216 290
687 0 903 277 522 208 767 300 397 674 554 682 357 414 232 591 806 187 730 787 364 624 259 898 975
267 903 0 746 828 763 253 643 804 262 863 568 599 730 1016 339 266 926 218 344 807 280 644 121 242
597 277 746 0 680 71 557 344 148 489 719 722 384 139 275 506 732 190 625 741 531 496 199 776 880
562 522 828 680 0 619 847 349 828 733 42 310 336 803 754 511 600 697 610 536 159 600 495 755 760
591 208 763 71 619 0 591 295 213 513 657 684 340 211 253 496 724 163 624 725 467 500 160 782 879
340 767 253 557 847 591 0 570 583 114 887 660 545 509 832 344 429 746 315 493 778 252 514 349 479
401 300 643 344 349 295 570 0 490 460 390 396 56 457 497 309 511 418 448 487 225 365 149 618 682
696 397 804 148 828 213 583 490 0 541 867 857 526 74 305 612 833 249 717 851 679 584 341 853 967
248 674 262 489 733 513 114 460 541 0 773 557 432 468 762 235 360 673 236 413 664 144 416 322 448
598 554 863 719 42 657 887 390 867 773 0 332 378 843 786 550 629 731 646 564 193 639 536 786 787
325 682 568 722 310 684 660 396 857 557 332 0 345 808 893 324 311 815 363 238 380 412 525 474 457
351 357 599 384 336 340 545 56 526 432 378 345 0 487 552 262 456 471 398 431 234 326 185 567 628
629 414 730 139 803 211 509 457 74 468 843 808 487 0 360 548 766 292 648 788 660 516 308 781 897
841 232 1016 275 754 253 832 497 305 762 786 893 552 360 0 745 971 90 876 966 596 753 398 1035 1130
96 591 339 506 511 496 344 309 612 235 550 324 262 548 745 0 227 656 139 239 470 92 347 308 386
136 806 266 732 600 724 429 511 833 360 629 311 456 766 971 227 0 882 125 77 615 253 572 162 173
751 187 926 190 697 163 746 418 249 673 731 815 471 292 90 656 882 0 786 879 539 663 310 945 1041
50 730 218 625 610 624 315 448 717 236 646 363 398 648 876 139 125 786 0 178 593 132 482 169 255
169 787 344 741 536 725 493 487 851 413 564 238 431 788 966 239 77 879 178 0 566 290 568 238 224
543 364 807 531 159 467 778 225 679 664 193 380 234 660 596 470 615 539 593 566 0 548 359 754 786
121 624 280 496 600 500 252 365 584 144 639 412 326 516 753 92 253 663 132 290 548 0 368 282 385
444 259 644 199 495 160 514 149 341 416 536 525 185 308 398 347 572 310 482 568 359 368 0 647 734
216 898 121 776 755 782 349 618 853 322 786 474 567 781 1035 308 162 945 169 238 754 282 647 0 130
290 975 242 880 760 879 479 682 967 448 787 457 628 897 1130 386 173 1041 255 224 786 385 734 130 0
