25
0 478 437 531 626 276 807 365 295 265 539 509 134 511 773 159 335 574 565 337 289 426 690 819 243
478 0 186 97 698 618 356 251 292 236 354 220 587 409 665 635 197 313 597 581 451 626 498 403 561
437 186 0 147 513 492 518 92 161 286 178 75 567 224 491 595 295 489 412 644 304 708 337 383 436
531 97 147 0 650 630 373 235 295 314 285 148 650 351 587 691 288 401 548 670 447 719 415 311 573
626 698 513 650 0 409 1021 456 451 696 378 505 739 300 267 710 745 985 102 957 345 1043 355 713 404
276 618 492 630 409 0 974 400 335 477 498 541 353 434 623 309 547 805 385 608 194 697 604 850 57
807 356 518 373 1021 974 0 600 648 542 647 515 895 720 924 954 475 335 919 798 806 807 745 456 917
365 251 92 235 456 400 600 0 73 270 187 149 498 197 480 519 301 529 358 609 212 680 351 466 344
295 292 161 295 451 335 648 73 0 246 245 223 430 233 515 447 293 540 360 560 158 636 403 539 278
265 236 286 314 696 477 542 270 246 0 451 358 357 467 751 412 72 328 607 361 369 421 616 625 424
539 354 178 285 378 498 647 187 245 451 0 137 673 82 313 684 471 665 277 797 308 867 164 365 451
509 220 75 148 505 541 515 149 223 358 137 0 640 205 445 665 361 533 403 718 348 780 280 316 487
134 587 567 650 739 353 895 498 430 357 673 640 0 645 902 74 419 625 687 272 414 359 824 946 337
511 409 224 351 300 434 720 197 233 467 82 205 645 0 284 647 497 712 199 794 252 870 180 446 391
773 665 491 587 267 623 924 480 515 751 313 445 902 284 0 891 778 977 240 1074 488 1151 179 531 599
159 635 595 691 710 309 954 519 447 412 684 665 74 647 891 0 478 695 667 342 404 428 827 977 305
335 197 295 288 745 547 475 301 293 72 471 361 419 497 778 478 0 259 652 383 429 431 632 599 494
574 313 489 401 985 805 335 529 540 328 665 533 625 712 977 695 259 0 887 476 685 475 812 658 753
565 597 412 548 102 385 919 358 360 607 277 403 687 199 240 667 652 887 0 888 276 971 278 622 366
337 581 644 670 957 608 798 609 560 361 797 718 272 794 1074 342 383 476 888 0 613 89 960 982 580
289 451 304 447 345 194 806 212 158 369 308 348 414 252 488 404 429 685 276 613 0 698 430 656 144
426 626 708 719 1043 697 807 680 636 421 867 780 359 870 1151 428 431 475 971 89 698 0 1031 1029 669
690 498 337 415 355 604 745 351 403 616 164 280 824 180 179 827 632 812 278 960 430 1031 0 367 566
819 403 383 311 713 850 456 466 539 625 365 316 946 446 531 977 599 658 622 982 656 1029 367 0 799
243 561 436 573 404 57 917 344 278 424 451 487 337 391 599 305 494 753 366 580 144 669 566 799 0
