25
0 674 921 93 918 610 820 34 170 631 698 462 684 502 531 874 594 273 347 298 229 452 159 557 590
674 0 534 695 1084 632 617 708 841 304 104 817 749 419 427 370 165 727 779 375 758 753 763 231 252
921 534 0 988 769 438 216 953 1080 309 429 759 497 421 393 186 686 796 799 702 861 692 917 743 372
93 695 988 0 1011 697 899 86 162 690 732 554 775 574 604 927 595 365 439 324 317 545 239 549 643
918 1084 769 1011 0 453 556 929 983 788 1008 460 335 673 659 909 1157 646 578 942 704 467 791 1178 832
610 632 438 697 453 0 251 634 737 342 561 322 118 222 206 515 707 401 382 527 472 259 547 732 381
820 617 216 899 556 251 0 848 964 321 520 572 285 334 303 358 741 644 632 662 714 510 783 786 387
34 708 953 86 929 634 848 0 135 665 733 470 705 533 562 908 626 282 354 332 231 465 152 587 624
170 841 1080 162 983 737 964 135 0 797 869 524 795 659 687 1041 752 351 408 466 284 536 197 709 759
631 304 309 690 788 342 321 665 797 0 220 592 454 173 161 246 419 563 590 393 617 522 656 465 67
698 104 429 732 1008 561 520 733 869 220 0 779 674 363 364 268 263 711 754 407 751 711 768 327 183
462 817 759 554 460 322 572 470 524 592 779 0 317 421 430 810 832 188 117 555 243 69 331 831 600
684 749 497 775 335 118 285 705 795 454 674 317 0 341 325 603 825 445 406 636 516 271 599 850 497
502 419 421 574 673 222 334 533 659 173 363 421 341 0 31 410 484 394 418 331 452 352 499 510 181
531 427 393 604 659 206 303 562 687 161 364 430 325 31 0 390 501 415 434 360 475 360 525 530 181
874 370 186 927 909 515 358 908 1041 246 268 810 603 410 390 0 531 804 825 615 861 740 902 594 284
594 165 686 595 1157 707 741 626 752 419 263 832 825 484 501 531 0 708 771 309 724 774 710 68 355
273 727 796 365 646 401 644 282 351 563 711 188 445 394 415 804 708 0 77 408 71 186 154 695 550
347 779 799 439 578 382 632 354 408 590 754 117 406 418 434 825 771 77 0 477 126 135 213 762 586
298 375 702 324 942 527 662 332 466 393 407 555 636 331 360 615 309 408 477 0 417 507 401 288 335
229 758 861 317 704 472 714 231 284 617 751 243 516 452 475 861 724 71 126 417 0 252 87 705 598
452 753 692 545 467 259 510 465 536 522 711 69 271 352 360 740 774 186 135 507 252 0 339 777 532
159 763 917 239 791 547 783 152 197 656 768 331 599 499 525 902 710 154 213 401 87 339 0 683 629
557 231 743 549 1178 732 786 587 709 465 327 831 850 510 530 594 68 695 762 288 705 777 683 0 399
590 252 372 643 832 381 387 624 759 67 183 600 497 181 181 284 355 550 586 335 598 532 629 399 0
