25
0 902 507 348 350 1071 299 611 180 965 720 804 685 561 191 469 537 1133 967 233 424 848 199 877 674
902 0 402 836 865 170 679 363 1005 164 738 721 462 545 808 633 374 233 131 792 586 202 742 809 240
507 402 0 459 487 572 284 146 603 459 632 668 301 268 449 397 30 629 488 394 315 349 374 654 167
348 836 459 0 29 1001 188 476 278 838 946 1014 463 330 481 671 479 1043 939 131 593 709 433 546 598
350 865 487 29 0 1030 214 505 265 867 966 1035 489 357 492 691 507 1072 968 146 614 738 448 557 627
1071 170 572 1001 1030 0 849 525 1176 213 842 807 601 699 972 777 545 81 148 962 740 321 908 918 409
299 679 284 188 214 849 0 340 336 707 770 833 388 261 357 495 308 899 772 113 413 583 292 601 439
611 363 146 476 505 525 340 0 676 368 765 793 166 189 582 542 125 567 478 451 461 242 506 537 140
180 1005 603 278 265 1176 336 676 0 1043 899 982 710 576 371 643 631 1230 1086 227 589 919 370 822 767
965 164 459 838 867 213 707 368 1043 0 893 881 405 518 899 761 429 219 274 819 704 128 828 705 295
720 738 632 946 966 842 770 765 899 893 0 94 930 894 528 275 644 923 694 822 357 856 536 1286 681
804 721 668 1014 1035 807 833 793 982 881 94 0 959 935 614 346 676 888 660 893 420 857 615 1323 695
685 462 301 463 489 601 388 166 710 405 930 959 0 134 697 698 287 623 590 484 614 281 621 374 288
561 545 268 330 357 699 261 189 576 518 894 935 134 0 593 641 267 731 664 352 554 390 520 393 330
191 808 449 481 492 972 357 582 371 899 528 614 697 593 0 286 478 1041 852 349 259 797 76 958 605
469 633 397 671 691 777 495 542 643 761 275 346 698 641 286 0 416 854 639 547 87 690 273 1035 495
537 374 30 479 507 545 308 125 631 429 644 676 287 267 478 416 0 600 463 420 335 319 404 647 137
1133 233 629 1043 1072 81 899 567 1230 219 923 888 623 731 1041 854 600 0 229 1012 814 343 975 917 463
967 131 488 939 968 148 772 478 1086 274 694 660 590 664 852 639 463 229 0 883 609 333 792 940 342
233 792 394 131 146 962 113 451 227 819 822 893 484 352 349 547 420 1012 883 0 473 694 302 644 552
424 586 315 593 614 740 413 461 589 704 357 420 614 554 259 87 335 814 609 473 0 623 224 947 426
848 202 349 709 738 321 583 242 919 128 856 857 281 390 797 690 319 343 333 694 623 0 723 608 198
199 742 374 433 448 908 292 506 370 828 536 615 621 520 76 273 404 975 792 302 224 723 0 890 533
877 809 654 546 557 918 601 537 822 705 1286 1323 374 393 958 1035 647 917 940 644 947 608 890 0 662
674 240 167 598 627 409 439 140 767 295 681 695 288 330 605 495 137 463 342 552 426 198 533 662 0
