25
0 448 554 761 229 328 690 597 70 815 240 161 341 174 542 110 786 763 298 499 203 271 110 122 478
448 0 143 768 520 589 275 404 487 368 675 579 109 381 246 420 774 755 462 155 618 710 436 482 515
554 143 0 901 655 625 298 522 602 314 764 664 220 514 355 503 905 887 491 269 700 799 518 561 491
761 768 901 0 553 1087 730 398 714 904 934 902 762 597 558 851 35 24 1025 634 937 946 859 883 1173
229 520 655 553 0 554 693 491 168 850 383 351 438 141 504 337 581 558 525 499 384 397 339 350 700
328 589 625 1087 554 0 864 875 386 936 289 231 490 490 776 237 1110 1087 134 705 225 316 228 205 254
690 275 298 730 693 864 0 334 713 178 928 836 377 575 203 683 724 711 737 196 877 960 699 744 775
597 404 522 398 491 875 334 0 586 511 829 759 436 431 166 645 394 379 775 253 800 854 658 697 884
70 487 602 714 168 386 713 586 0 848 243 189 384 155 550 180 740 717 367 518 226 268 179 182 548
815 368 314 904 850 936 178 511 848 0 1044 948 478 723 379 788 896 884 803 352 986 1078 804 849 801
240 675 764 934 383 289 928 829 243 1044 0 99 566 398 782 261 963 940 359 739 72 36 246 203 531
161 579 664 902 351 231 836 759 189 948 99 0 470 332 700 161 929 906 272 650 42 135 146 103 452
341 109 220 762 438 490 377 436 384 478 566 470 0 296 300 311 773 753 368 219 509 600 327 372 449
174 381 514 597 141 490 575 431 155 723 398 332 296 0 401 254 619 596 431 379 373 423 262 289 594
542 246 355 558 504 776 203 166 550 379 782 700 300 401 0 563 557 541 663 90 742 812 578 621 748
110 420 503 851 337 237 683 645 180 788 261 161 311 254 563 0 874 851 188 504 198 296 15 61 367
786 774 905 35 581 1110 724 394 740 896 963 929 773 619 557 874 0 23 1045 636 964 976 882 907 1190
763 755 887 24 558 1087 711 379 717 884 940 906 753 596 541 851 23 0 1022 619 941 953 859 884 1168
298 462 491 1025 525 134 737 775 367 803 359 272 368 431 663 188 1045 1022 0 587 287 393 187 194 184
499 155 269 634 499 705 196 253 518 352 739 650 219 379 90 504 636 619 587 0 692 770 519 564 662
203 618 700 937 384 225 877 800 226 986 72 42 509 373 742 198 964 941 287 692 0 107 183 138 460
271 710 799 946 397 316 960 854 268 1078 36 135 600 423 812 296 976 953 393 770 107 0 281 239 562
110 436 518 859 339 228 699 658 179 804 246 146 327 262 578 15 882 859 187 519 183 281 0 45 369
122 482 561 883 350 205 744 697 182 849 203 103 372 289 621 61 907 884 194 564 138 239 45 0 378
478 515 491 1173 700 254 775 884 548 801 531 452 449 594 748 367 1190 1168 184 662 460 562 369 378 0
