25
0 444 481 569 690 795 429 242 380 134 218 261 610 370 601 225 277 715 161 376 291 471 96 462 61
444 0 135 490 360 352 681 684 64 480 420 248 217 256 536 669 182 302 428 288 651 152 540 51 426
481 135 0 625 477 351 784 722 163 480 513 233 322 383 414 704 205 383 418 415 728 287 577 86 480
569 490 625 0 333 690 412 709 471 692 360 604 412 260 991 709 534 484 684 233 529 345 617 541 509
690 360 477 333 0 388 712 898 388 775 547 585 158 327 891 890 509 169 739 333 776 235 771 397 645
795 352 351 690 388 0 992 1037 416 820 754 575 279 547 696 1021 525 218 762 572 992 391 892 336 778
429 681 784 412 712 992 0 412 627 557 273 631 727 445 1018 424 600 825 590 419 188 600 405 724 379
242 684 722 709 898 1037 412 0 620 277 359 495 837 571 775 23 519 944 341 567 224 696 145 705 262
380 64 163 471 388 416 627 620 0 422 362 199 259 220 529 605 127 354 373 252 590 160 476 97 362
134 480 480 692 775 820 557 277 422 0 350 247 674 472 502 255 298 774 65 484 402 545 166 485 195
218 420 513 360 547 754 273 359 362 350 0 362 512 225 757 356 327 618 360 214 240 372 257 459 156
261 248 233 604 585 575 631 495 199 247 362 0 459 345 400 475 77 550 187 371 536 351 353 242 276
610 217 322 412 158 279 727 837 259 674 512 459 0 290 736 826 386 106 629 310 752 142 699 246 575
370 256 383 260 327 547 445 571 220 472 225 345 290 0 731 563 274 394 450 31 463 156 445 305 320
601 536 414 991 891 696 1018 775 529 502 757 400 736 731 0 752 460 790 446 760 892 685 665 494 641
225 669 704 709 890 1021 424 23 605 255 356 475 826 563 752 0 501 932 319 561 237 685 129 688 250
277 182 205 534 509 525 600 519 127 298 327 77 386 274 460 501 0 481 246 301 526 274 373 189 275
715 302 383 484 169 218 825 944 354 774 618 550 106 394 790 932 481 0 727 412 858 249 805 320 682
161 428 418 684 739 762 590 341 373 65 360 187 629 450 446 319 246 727 0 466 448 506 219 429 214
376 288 415 233 333 572 419 567 252 484 214 371 310 31 760 561 301 412 466 0 448 181 446 337 323
291 651 728 529 776 992 188 224 590 402 240 536 752 463 892 237 526 858 448 448 0 613 238 685 260
471 152 287 345 235 391 600 696 160 545 372 351 142 156 685 685 274 249 506 181 613 0 559 201 434
96 540 577 617 771 892 405 145 476 166 257 353 699 445 665 129 373 805 219 446 238 559 0 559 125
462 51 86 541 397 336 724 705 97 485 459 242 246 305 494 688 189 320 429 337 685 201 559 0 451
61 426 480 509 645 778 379 262 362 195 156 276 575 320 641 250 275 682 214 323 260 434 125 451 0
