25
0 735 473 99 498 656 206 781 391 144 470 575 203 489 598 752 65 386 381 762 378 424 405 350 520
735 0 1142 662 923 426 638 615 567 607 287 181 639 596 548 742 781 503 421 810 445 317 368 435 438
473 1142 0 573 379 907 503 934 619 552 855 1009 672 662 786 822 409 860 725 789 849 827 862 708 787
99 662 573 0 573 638 235 783 403 135 414 494 110 506 602 775 164 287 350 795 281 363 315 317 505
498 923 379 573 0 592 366 573 355 470 649 839 682 346 453 447 449 818 513 409 777 645 751 512 501
656 426 907 638 592 0 467 201 295 515 299 454 686 249 144 316 668 670 289 385 599 348 519 322 136
206 638 503 235 366 467 0 577 186 108 351 513 333 283 395 547 203 452 226 561 411 325 393 205 331
781 615 934 783 573 201 577 0 390 650 494 655 848 298 182 164 779 857 454 238 787 539 711 485 291
391 567 619 403 355 295 186 390 0 267 296 491 483 103 208 373 389 548 166 400 489 302 439 176 168
144 607 552 135 470 515 108 650 267 0 331 460 226 370 468 639 176 350 236 660 316 291 313 206 379
470 287 855 414 649 299 351 494 296 331 0 196 427 353 355 568 507 374 137 623 302 55 220 147 221
575 181 1009 494 839 454 513 655 491 460 196 0 461 549 540 751 627 323 326 810 263 193 188 327 410
203 639 672 110 682 686 333 848 483 226 427 461 0 586 670 856 268 196 397 882 213 371 272 365 560
489 596 662 506 346 249 283 298 103 370 353 549 586 0 126 269 482 643 241 299 582 372 524 260 160
598 548 786 602 453 144 395 182 208 468 355 540 670 126 0 213 597 696 285 270 628 391 559 314 134
752 742 822 775 447 316 547 164 373 639 568 751 856 269 213 0 736 902 490 74 836 603 770 516 347
65 781 409 164 449 668 203 779 389 176 507 627 268 482 597 736 0 451 406 740 441 466 463 377 532
386 503 860 287 818 670 452 857 548 350 374 323 196 643 696 902 451 0 411 942 71 321 156 385 567
381 421 725 350 513 289 226 454 166 236 137 326 397 241 285 490 406 411 0 534 345 135 283 33 163
762 810 789 795 409 385 561 238 400 660 623 810 882 299 270 74 740 942 534 0 879 654 816 557 401
378 445 849 281 777 599 411 787 489 316 302 263 213 582 628 836 441 71 345 879 0 250 86 321 498
424 317 827 363 645 348 325 539 302 291 55 193 371 372 391 603 466 321 135 654 250 0 171 133 257
405 368 862 315 751 519 393 711 439 313 220 188 272 524 559 770 463 156 283 816 86 171 0 264 426
350 435 708 317 512 322 205 485 176 206 147 327 365 260 314 516 377 385 33 557 321 133 264 0 195
520 438 787 505 501 136 331 291 168 379 221 410 560 160 134 347 532 567 163 401 498 257 426 195 0
