25
0 319 409 560 636 411 88 667 384 444 275 110 418 719 307 307 648 70 576 232 85 120 702 872 369
319 0 510 819 851 596 373 675 432 761 403 278 729 896 559 457 913 329 895 232 272 386 531 1009 680
409 510 0 415 377 148 488 273 91 654 683 505 501 392 685 107 502 480 738 596 477 522 483 500 637
560 819 415 0 157 267 585 600 498 454 789 667 264 291 673 390 94 610 459 792 645 609 896 472 505
636 851 377 157 0 255 679 495 468 606 889 746 414 134 799 395 182 695 616 865 721 706 830 315 649
411 596 148 267 255 0 472 379 231 545 681 519 373 311 637 140 356 478 612 630 492 504 632 461 547
88 373 488 585 679 472 0 751 469 393 210 105 406 773 219 383 669 44 531 226 102 33 788 934 307
667 675 273 600 495 379 751 0 283 920 933 751 753 428 955 380 666 736 991 821 722 784 378 428 909
384 432 91 498 468 231 469 283 0 690 650 467 553 480 679 133 587 453 785 544 439 502 413 578 660
444 761 654 454 606 545 393 920 690 0 510 498 192 737 316 559 491 437 138 608 495 390 1087 920 101
275 403 683 789 889 681 210 933 650 510 0 182 582 984 208 582 868 205 646 171 210 182 906 1143 409
110 278 505 667 746 519 105 751 467 498 182 0 507 829 284 408 754 64 636 126 28 110 737 979 409
418 729 501 264 414 373 406 753 553 192 582 507 0 544 431 420 313 443 238 631 493 419 964 727 243
719 896 392 291 134 311 773 428 480 737 984 829 544 0 912 443 306 784 750 941 802 803 791 182 774
307 559 685 673 799 637 219 955 679 316 208 284 431 912 0 577 739 252 446 351 299 190 1007 1085 215
307 457 107 390 395 140 383 380 133 559 582 408 420 443 577 0 483 378 652 508 380 416 544 576 535
648 913 502 94 182 356 669 666 587 491 868 754 313 306 739 483 0 695 469 879 733 690 979 476 556
70 329 480 610 695 478 44 736 453 437 205 64 443 784 252 378 695 0 574 189 57 62 755 940 352
576 895 738 459 616 612 531 991 785 138 646 636 238 750 446 652 469 574 0 747 631 529 1192 931 237
232 232 596 792 865 630 226 821 544 608 171 126 631 941 351 508 879 189 747 0 146 219 749 1084 514
85 272 477 645 721 492 102 722 439 495 210 28 493 802 299 380 733 57 631 146 0 115 715 952 409
120 386 522 609 706 504 33 784 502 390 182 110 419 803 190 416 690 62 529 219 115 0 816 965 300
702 531 483 896 830 632 788 378 413 1087 906 737 964 791 1007 544 979 755 1192 749 715 816 0 806 1042
872 1009 500 472 315 461 934 428 578 920 1143 979 727 182 1085 576 476 940 931 1084 952 965 806 0 955
369 680 637 505 649 547 307 909 660 101 409 409 243 774 215 535 556 352 237 514 409 300 1042 955 0
