25
0 843 1047 889 1033 673 687 1019 1234 870 1025 336 826 732 1213 1073 1183 1036 532 968 740 175 986 381 269
843 0 458 393 321 374 624 415 596 347 252 511 121 194 452 620 412 767 764 131 144 814 676 621 752
1047 458 0 850 169 811 480 42 186 804 260 781 579 637 262 187 264 390 705 489 581 942 311 694 845
889 393 850 0 702 216 950 808 974 46 620 583 273 256 795 1014 754 1149 1027 387 303 937 1059 832 917
1033 321 169 702 0 692 566 135 275 657 91 734 438 512 180 356 156 551 774 327 458 954 466 715 866
673 374 811 216 692 0 803 769 965 199 627 371 272 180 825 949 784 1050 845 437 233 724 964 640 711
687 624 480 950 566 803 0 474 644 907 618 555 710 693 727 422 716 348 229 737 651 538 305 308 432
1019 415 42 808 135 769 474 0 218 762 224 746 536 594 256 222 251 416 695 450 539 919 332 671 823
1234 596 186 974 275 965 644 218 0 930 354 965 713 786 228 254 257 463 873 592 732 1127 409 878 1028
870 347 804 46 657 199 907 762 930 0 576 557 226 213 753 967 712 1103 989 345 258 911 1013 797 886
1025 252 260 620 91 627 618 224 354 576 0 711 364 447 203 446 165 636 813 239 396 960 549 731 879
336 511 781 583 734 371 555 746 965 557 711 0 490 398 907 852 874 877 519 633 403 354 806 302 342
826 121 579 273 438 272 710 536 713 226 364 490 0 105 556 740 515 880 825 167 87 823 789 658 775
732 194 637 256 512 180 693 594 786 213 447 398 105 0 646 783 605 903 780 271 55 741 813 597 702
1213 452 262 795 180 825 727 256 228 753 203 907 556 646 0 428 41 642 943 408 597 1134 569 894 1046
1073 620 187 1014 356 949 422 222 254 967 446 852 740 783 428 0 440 214 649 669 728 943 155 697 839
1183 412 264 754 156 784 716 251 257 712 165 874 515 605 41 440 0 651 928 367 557 1108 575 871 1022
1036 767 390 1149 551 1050 348 416 463 1103 636 877 880 903 642 214 651 0 544 839 850 884 91 656 778
532 764 705 1027 774 845 229 695 873 989 813 519 825 780 943 649 928 544 0 889 750 361 521 216 263
968 131 489 387 327 437 737 450 592 345 239 633 167 271 408 669 367 839 889 0 239 945 748 752 883
740 144 581 303 458 233 651 539 732 258 396 403 87 55 597 728 557 850 750 239 0 736 760 576 689
175 814 942 937 954 724 538 919 1127 911 960 354 823 741 1134 943 1108 884 361 945 736 0 843 249 106
986 676 311 1059 466 964 305 332 409 1013 549 806 789 813 569 155 575 91 521 748 760 843 0 605 737
381 621 694 832 715 640 308 671 878 797 731 302 658 597 894 697 871 656 216 752 576 249 605 0 151
269 752 845 917 866 711 432 823 1028 886 879 342 775 702 1046 839 1022 778 263 883 689 106 737 151 0
