25
0 406 237 395 268 253 467 354 155 434 556 460 564 298 575 836 535 770 720 268 635 450 310 287 359
406 0 437 346 563 526 374 388 251 462 228 120 482 630 788 467 331 376 439 652 309 607 160 578 568
237 437 0 224 136 96 649 155 272 213 485 538 757 212 372 760 396 730 589 454 546 219 282 521 142
395 346 224 0 351 313 668 76 332 118 293 466 782 429 472 550 174 540 366 651 338 287 202 675 288
268 563 136 351 0 40 727 277 363 309 621 655 828 78 309 894 526 866 717 404 680 223 412 516 125
253 526 96 313 40 0 703 239 334 276 581 620 807 117 322 855 487 826 679 416 641 212 374 515 113
467 374 649 668 727 703 0 681 376 768 598 285 114 765 1019 791 699 671 810 579 675 863 468 417 790
354 388 155 76 277 239 681 0 321 88 366 505 794 355 407 626 250 614 440 599 414 222 232 640 213
155 251 272 332 363 334 376 321 0 410 420 309 486 416 644 695 433 620 603 406 503 487 181 365 414
434 462 213 118 309 276 768 88 410 0 402 581 882 382 362 640 258 645 432 667 434 180 312 721 211
556 228 485 293 621 581 598 366 420 402 0 319 702 698 764 282 166 247 212 822 84 579 246 780 579
460 120 538 466 655 620 285 505 309 581 319 0 384 716 898 510 445 397 530 679 393 720 273 573 674
564 482 757 782 828 807 114 794 486 882 702 384 0 862 1126 878 811 753 914 639 777 973 582 463 898
298 630 212 429 78 117 765 355 416 382 698 716 862 0 313 972 604 942 795 377 758 273 484 512 182
575 788 372 472 309 322 1019 407 644 362 764 898 1126 313 0 996 618 1007 776 690 795 185 628 821 229
836 467 760 550 894 855 791 626 695 640 282 510 878 972 996 0 381 131 234 1100 213 820 527 1044 838
535 331 396 174 526 487 699 250 433 258 166 445 811 604 618 381 0 392 193 801 177 439 256 797 457
770 376 730 540 866 826 671 614 620 645 247 397 753 942 1007 131 392 0 303 1026 216 824 469 952 826
720 439 589 366 717 679 810 440 603 432 212 530 914 795 776 234 193 303 0 987 139 608 422 969 641
268 652 454 651 404 416 579 599 406 667 822 679 639 377 690 1100 801 1026 987 0 902 627 576 184 527
635 309 546 338 680 641 675 414 503 434 84 393 777 758 795 213 177 216 139 902 0 615 326 864 626
450 607 219 287 223 212 863 222 487 180 579 720 973 273 185 820 439 824 608 627 615 0 448 725 99
310 160 282 202 412 374 468 232 181 312 246 273 582 484 628 527 256 469 422 576 326 448 0 547 409
287 578 521 675 516 515 417 640 365 721 780 573 463 512 821 1044 797 952 969 184 864 725 547 0 628
359 568 142 288 125 113 790 213 414 211 579 674 898 182 229 838 457 826 641 527 626 99 409 628 0
