25
0 249 726 319 519 593 502 148 140 106 493 950 1017 506 761 198 863 632 801 275 435 974 604 920 545
249 0 736 79 734 564 687 107 208 178 741 1088 1131 377 689 406 805 653 907 511 649 917 799 947 746
726 736 0 794 654 186 526 693 603 654 875 551 516 442 241 609 238 94 336 689 625 311 597 211 602
319 79 794 0 813 616 766 185 288 256 813 1164 1204 406 726 485 844 714 979 587 728 955 879 1005 826
519 734 654 813 0 658 128 628 530 557 253 530 639 772 837 329 884 581 486 253 85 966 117 751 64
593 564 186 616 658 0 535 534 458 507 841 694 681 256 186 518 272 139 477 621 606 381 633 396 619
502 687 526 766 128 535 0 586 478 515 366 467 559 670 711 303 756 453 380 277 122 837 116 628 84
148 107 693 185 628 534 586 0 111 72 636 1002 1053 392 681 299 792 604 829 403 543 905 697 899 643
140 208 603 288 530 458 478 111 0 51 568 890 942 369 621 207 726 511 720 324 445 838 591 804 539
106 178 654 256 557 507 515 72 51 0 572 936 991 401 666 228 772 562 769 335 471 885 625 856 571
493 741 875 813 253 841 366 636 568 572 0 774 888 892 1027 371 1091 792 739 247 251 1183 365 994 318
950 1088 551 1164 530 694 467 1002 890 936 774 0 131 929 791 756 763 555 217 745 578 786 413 473 469
1017 1131 516 1204 639 681 559 1053 942 991 888 131 0 930 749 831 702 542 224 835 677 709 523 393 576
506 377 442 406 772 256 670 392 369 401 892 929 930 0 322 525 441 389 716 647 700 551 783 648 751
761 689 241 726 837 186 711 681 621 666 1027 791 749 322 0 703 118 268 577 808 790 229 801 389 794
198 406 609 485 329 518 303 299 207 228 371 756 831 525 703 0 788 515 621 123 244 892 406 782 348
863 805 238 844 884 272 756 792 726 772 1091 763 702 441 118 788 0 303 559 885 846 112 834 318 835
632 653 94 714 581 139 453 604 511 562 792 555 542 389 268 515 303 0 337 598 544 391 535 295 533
801 907 336 979 486 477 380 829 720 769 739 217 224 716 577 621 559 337 0 642 503 597 385 305 422
275 511 689 587 253 621 277 403 324 335 247 745 835 647 808 123 885 598 642 0 176 985 354 843 292
435 649 625 728 85 606 122 543 445 471 251 578 677 700 790 244 846 544 503 176 0 935 178 743 116
974 917 311 955 966 381 837 905 838 885 1183 786 709 551 229 892 112 391 597 985 935 0 906 316 914
604 799 597 879 117 633 116 697 591 625 365 413 523 783 801 406 834 535 385 354 178 906 0 666 61
920 947 211 1005 751 396 628 899 804 856 994 473 393 648 389 782 318 295 305 843 743 316 666 0 690
545 746 602 826 64 619 84 643 539 571 318 469 576 751 794 348 835 533 422 292 116 914 61 690 0
