25
0 932 882 516 810 259 540 989 888 498 327 287 176 289 321 756 39 419 740 289 545 552 122 59 988
932 0 851 710 122 900 423 702 779 758 931 652 801 674 619 920 963 698 203 758 445 383 863 985 64
882 851 0 374 802 1069 609 238 80 383 597 816 912 873 811 182 878 478 826 599 562 691 928 933 908
516 710 374 0 617 695 328 479 372 49 288 451 538 508 452 296 518 103 601 228 286 409 554 571 775
810 122 802 617 0 781 311 685 737 663 820 530 679 552 497 850 841 593 88 643 339 263 740 863 179
259 900 1069 695 781 0 591 1134 1060 692 572 288 157 242 312 969 293 591 697 476 615 564 153 254 946
540 423 609 328 311 591 0 586 566 369 509 303 452 349 279 602 565 286 277 335 47 84 502 598 486
989 702 238 479 685 1134 586 0 164 511 754 854 978 909 841 409 995 571 731 700 545 655 1009 1046 752
888 779 80 372 737 1060 566 164 0 391 623 795 902 852 788 245 888 473 766 600 521 646 924 942 835
498 758 383 49 663 692 369 511 391 0 247 462 536 518 467 282 497 111 644 217 329 447 547 551 823
327 931 597 288 820 572 509 754 623 247 0 440 438 482 462 447 309 242 779 185 486 567 419 365 995
287 652 816 451 530 288 303 854 795 462 440 0 153 57 34 744 323 352 455 275 327 286 211 336 706
176 801 912 538 679 157 452 978 902 536 438 153 0 129 184 815 215 434 601 322 471 439 64 208 853
289 674 873 508 552 242 349 909 852 518 482 57 129 0 70 800 328 408 473 325 377 322 193 331 725
321 619 811 452 497 312 279 841 788 467 462 34 184 70 0 747 357 356 421 291 306 256 244 370 672
756 920 182 296 850 969 602 409 245 282 447 744 815 800 747 0 746 392 855 492 556 686 820 802 982
39 963 878 518 841 293 565 995 888 497 309 323 215 328 357 746 0 424 772 295 567 581 161 56 1020
419 698 478 103 593 591 286 571 473 111 242 352 434 408 356 392 424 0 563 129 254 357 451 475 763
740 203 826 601 88 697 277 731 766 644 779 455 601 473 421 855 772 563 0 597 315 212 664 791 251
289 758 599 228 643 476 335 700 600 217 185 275 322 325 291 492 295 129 597 0 319 385 330 345 821
545 445 562 286 339 615 47 545 521 329 486 327 471 377 306 556 567 254 315 319 0 131 518 604 509
552 383 691 409 263 564 84 655 646 447 567 286 439 322 256 686 581 357 212 385 131 0 495 607 443
122 863 928 554 740 153 502 1009 924 547 419 211 64 193 244 820 161 451 664 330 518 495 0 146 916
59 985 933 571 863 254 598 1046 942 551 365 336 208 331 370 802 56 475 791 345 604 607 146 0 1041
988 64 908 775 179 946 486 752 835 823 995 706 853 725 672 982 1020 763 251 821 509 443 916 1041 0
