25
0 221 985 176 445 123 309 942 514 622 150 974 966 306 439 829 532 942 855 447 841 364 829 480 1124
221 0 856 350 376 330 325 778 309 429 269 881 949 480 220 651 527 980 880 230 798 277 821 302 1022
985 856 0 953 549 1008 716 196 613 500 880 171 506 988 733 311 569 731 648 716 380 620 514 565 207
176 350 953 0 406 78 237 947 590 676 94 913 850 133 545 853 432 794 716 549 746 358 710 528 1066
445 376 549 406 0 459 170 546 341 357 331 529 575 460 391 471 182 636 530 381 421 99 452 242 679
123 330 1008 78 459 0 296 989 600 697 128 976 925 190 541 887 503 872 794 547 818 397 786 550 1129
309 325 716 237 170 296 0 716 431 487 172 679 659 293 435 634 224 659 563 431 532 150 523 346 832
942 778 196 947 546 989 716 0 495 370 862 358 677 1006 617 143 626 884 790 600 526 591 656 476 397
514 309 613 590 341 600 431 495 0 126 496 686 857 696 122 357 521 963 855 105 684 286 756 99 805
622 429 500 676 357 697 487 370 126 0 583 591 800 771 247 231 523 935 827 230 625 336 715 147 699
150 269 880 94 331 128 172 862 496 583 0 851 820 212 454 764 389 792 705 457 702 271 682 435 1004
974 881 171 913 529 976 679 358 686 591 851 0 337 924 798 447 493 568 493 781 234 618 364 617 153
966 949 506 850 575 925 659 677 857 800 820 337 0 812 944 731 434 241 198 930 175 673 139 765 424
306 480 988 133 460 190 293 1006 696 771 212 924 812 0 665 927 431 721 656 667 734 437 675 625 1077
439 220 733 545 391 541 435 617 122 247 454 798 944 665 0 478 572 1027 921 17 775 311 833 183 922
829 651 311 853 471 887 634 143 357 231 764 447 731 927 478 0 587 913 812 461 564 495 683 352 519
532 527 569 432 182 503 224 626 521 523 389 493 434 431 572 587 0 459 355 563 315 265 299 422 646
942 980 731 794 636 872 659 884 963 935 792 568 241 721 1027 913 459 0 107 1016 357 724 230 865 665
855 880 648 716 530 794 563 790 855 827 705 493 198 656 921 812 355 107 0 910 268 620 134 757 605
447 230 716 549 381 547 431 600 105 230 457 781 930 667 17 461 563 1016 910 0 761 304 820 167 905
841 798 380 746 421 818 532 526 684 625 702 234 175 734 775 564 315 357 268 761 0 520 133 594 369
364 277 620 358 99 397 150 591 286 336 271 618 673 437 311 495 265 724 620 304 520 0 548 197 765
829 821 514 710 452 786 523 656 756 715 682 364 139 675 833 683 299 230 134 820 133 548 0 660 487
480 302 565 528 242 550 346 476 99 147 435 617 765 625 183 352 422 865 757 167 594 197 660 0 746
1124 1022 207 1066 679 1129 832 397 805 699 1004 153 424 1077 922 519 646 665 605 905 369 765 487 746 0
