25
0 201 873 339 595 814 412 795 973 267 137 53 386 311 778 734 884 447 200 918 901 749 783 371 910
201 0 872 414 672 968 225 856 983 70 128 213 535 460 918 746 881 603 335 871 892 703 943 187 949
873 872 0 549 377 741 806 266 118 853 780 821 660 680 648 141 15 677 707 204 44 233 771 799 186
339 414 549 0 262 587 488 457 641 433 290 286 202 167 523 407 562 265 158 632 582 476 575 456 571
595 672 377 262 0 437 707 202 435 682 550 543 293 331 350 251 392 301 399 531 419 424 449 683 333
814 968 741 587 437 0 1075 475 740 1003 840 774 433 509 93 655 756 368 633 932 785 854 54 1043 599
412 225 806 488 707 1075 0 860 924 156 289 405 662 595 1011 702 811 731 479 754 814 598 1061 40 922
795 856 266 457 202 475 860 0 273 858 740 742 487 531 383 213 281 480 601 464 310 424 508 841 143
973 983 118 641 435 740 924 273 0 967 887 920 728 757 650 239 116 734 798 281 124 348 777 916 142
267 70 853 433 682 1003 156 858 967 0 168 271 574 501 949 732 861 643 377 837 869 671 982 119 943
137 128 780 290 550 840 289 740 887 168 0 117 408 334 790 647 790 477 209 804 804 634 817 249 841
53 213 821 286 543 774 405 742 920 271 117 0 342 266 734 682 833 406 150 870 850 702 745 365 857
386 535 660 202 293 433 662 487 728 574 408 342 0 76 391 523 675 69 200 785 700 644 408 626 625
311 460 680 167 331 509 595 531 757 501 334 266 76 0 467 539 694 142 124 787 717 637 483 558 664
778 918 648 523 350 93 1011 383 650 949 790 734 391 467 0 563 663 333 588 839 692 762 128 980 509
734 746 141 407 251 655 702 213 239 732 647 682 523 539 563 0 155 544 565 282 178 210 678 691 222
884 881 15 562 392 756 811 281 116 861 790 833 675 694 663 155 0 692 720 193 29 233 786 805 196
447 603 677 265 301 368 731 480 734 643 477 406 69 142 333 544 692 0 267 815 718 683 340 695 622
200 335 707 158 399 633 479 601 798 377 209 150 200 124 588 565 720 267 0 784 740 622 608 441 723
918 871 204 632 531 932 754 464 281 837 804 870 785 787 839 282 193 815 784 0 168 169 958 758 389
901 892 44 582 419 785 814 310 124 869 804 850 700 717 692 178 29 718 740 168 0 227 815 810 221
749 703 233 476 424 854 598 424 348 671 634 702 644 637 762 210 233 683 622 169 227 0 871 599 403
783 943 771 575 449 54 1061 508 777 982 817 745 408 483 128 678 786 340 608 958 815 871 0 1027 637
371 187 799 456 683 1043 40 841 916 119 249 365 626 558 980 691 805 695 441 758 810 599 1027 0 909
910 949 186 571 333 599 922 143 142 943 841 857 625 664 509 222 196 622 723 389 221 403 637 909 0
