25
0 129 662 648 717 102 747 290 784 379 144 527 761 186 540 431 850 574 617 759 584 983 775 294 598
129 0 779 763 838 199 792 198 913 501 273 657 891 139 517 558 944 609 699 871 682 1054 808 392 670
662 779 0 20 92 670 556 833 425 286 552 352 343 728 769 271 297 548 297 113 198 541 634 660 368
648 763 20 0 112 658 539 815 439 274 540 355 358 710 748 265 292 528 278 119 178 532 616 654 348
717 838 92 112 0 713 645 907 352 337 596 333 267 798 859 299 349 640 388 147 291 602 723 678 459
102 199 670 658 713 0 823 384 733 384 117 481 721 286 640 415 886 657 668 774 621 1039 857 196 660
747 792 556 539 645 823 0 705 973 587 741 819 895 665 414 659 403 186 263 531 370 321 79 939 208
290 198 833 815 907 384 705 0 1044 585 423 789 1009 116 357 660 939 519 681 907 694 1001 702 580 632
784 913 425 439 352 733 973 1044 0 482 640 257 85 927 1104 395 699 929 709 497 603 954 1048 607 771
379 501 286 274 337 384 587 585 482 0 266 256 433 472 625 89 520 486 354 390 271 713 649 401 382
144 273 552 540 596 117 741 423 640 266 0 383 619 310 615 300 773 587 565 657 510 937 783 207 564
527 657 352 355 333 481 819 789 257 256 383 0 241 672 878 168 647 737 564 461 462 882 887 380 611
761 891 343 358 267 721 895 1009 85 433 619 241 0 892 1045 349 614 860 632 412 526 869 971 615 696
186 139 728 710 798 286 665 116 927 472 310 672 892 0 378 545 856 480 602 808 602 942 675 480 562
540 517 769 748 859 640 414 357 1104 625 615 878 1045 378 0 714 755 260 513 802 579 734 384 817 442
431 558 271 265 299 415 659 660 395 89 300 168 349 545 714 0 541 569 412 384 317 755 724 389 451
850 944 297 292 349 886 403 939 699 520 773 647 614 856 755 541 0 496 258 202 265 255 480 920 318
574 609 548 528 640 657 186 519 929 486 587 737 860 480 260 569 496 0 265 561 350 489 201 792 191
617 699 297 278 388 668 263 681 709 354 565 564 632 602 513 412 258 265 0 296 106 371 339 742 74
759 871 113 119 147 774 531 907 497 390 657 461 412 808 802 384 202 561 296 0 224 456 611 773 370
584 682 198 178 291 621 370 694 603 271 510 462 526 602 579 317 265 350 106 224 0 442 445 670 170
983 1054 541 532 602 1039 321 1001 954 713 937 882 869 942 734 755 255 489 371 456 442 0 371 1110 385
775 808 634 616 723 857 79 702 1048 649 783 887 971 675 384 724 480 201 339 611 445 371 0 985 279
294 392 660 654 678 196 939 580 607 401 207 380 615 480 817 389 920 792 742 773 670 1110 985 0 752
598 670 368 348 459 660 208 632 771 382 564 611 696 562 442 451 318 191 74 370 170 385 279 752 0
